id	chr	start	end	string	id2	id3	SNP	id4	id5	id6	pvalue	id8	id9
ENSG00000182512	14	95999841	96011061	+	7711	-989110	14:95010731	14	95010731	95010731	0.0408855	0.0254432	0
ENSG00000182512	14	95999841	96011061	+	7711	-988272	14:95011569	14	95011569	95011569	0.0325795	0.0325062	0
ENSG00000182512	14	95999841	96011061	+	7711	-987084	14:95012757	14	95012757	95012757	0.0408855	0.0254432	0
ENSG00000182512	14	95999841	96011061	+	7711	-983577	14:95016264	14	95016264	95016264	0.080982	-0.0145213	0
ENSG00000182512	14	95999841	96011061	+	7711	-978464	14:95021377	14	95021377	95021377	0.00161572	0.0882847	0
ENSG00000182512	14	95999841	96011061	+	7711	-972722	14:95027119	14	95027119	95027119	0.0310738	-0.0605644	0
ENSG00000182512	14	95999841	96011061	+	7711	-970882	14:95028959	14	95028959	95028959	0.013828	0.0876098	0
ENSG00000182512	14	95999841	96011061	+	7711	-970527	14:95029314	14	95029314	95029314	0.0276867	0.0417639	0
ENSG00000182512	14	95999841	96011061	+	7711	-967396	14:95032445	14	95032445	95032445	0.0914787	0.0190422	0
ENSG00000182512	14	95999841	96011061	+	7711	-966170	14:95033671	14	95033671	95033671	0.0980167	-0.0141483	0
ENSG00000182512	14	95999841	96011061	+	7711	-965897	14:95033944	14	95033944	95033944	0.0980167	-0.0141483	0
ENSG00000182512	14	95999841	96011061	+	7711	-965759	14:95034082	14	95034082	95034082	0.0914787	0.0190422	0
ENSG00000182512	14	95999841	96011061	+	7711	-965499	14:95034342	14	95034342	95034342	0.0980167	-0.0141483	0
ENSG00000182512	14	95999841	96011061	+	7711	-964442	14:95035399	14	95035399	95035399	0.0722764	-0.0153281	0
ENSG00000182512	14	95999841	96011061	+	7711	-963516	14:95036325	14	95036325	95036325	0.0914787	0.0190422	0
ENSG00000182512	14	95999841	96011061	+	7711	-959529	14:95040312	14	95040312	95040312	0.0775082	0.0196602	0
ENSG00000182512	14	95999841	96011061	+	7711	-959196	14:95040645	14	95040645	95040645	0.0872604	-0.0331884	0
ENSG00000182512	14	95999841	96011061	+	7711	-957506	14:95042335	14	95042335	95042335	0.0741237	0.0179739	0
ENSG00000182512	14	95999841	96011061	+	7711	-955476	14:95044365	14	95044365	95044365	0.0741237	0.0179739	0
ENSG00000182512	14	95999841	96011061	+	7711	-952155	14:95047686	14	95047686	95047686	0.0741237	0.0179739	0
ENSG00000182512	14	95999841	96011061	+	7711	-951462	14:95048379	14	95048379	95048379	0.0741237	0.0179739	0
ENSG00000182512	14	95999841	96011061	+	7711	-949609	14:95050232	14	95050232	95050232	0.0707253	0.0710509	0
ENSG00000182512	14	95999841	96011061	+	7711	-948871	14:95050970	14	95050970	95050970	0.0677103	0.0274714	0
ENSG00000182512	14	95999841	96011061	+	7711	-946300	14:95053541	14	95053541	95053541	0.00577352	-0.0219431	0
ENSG00000182512	14	95999841	96011061	+	7711	-946290	14:95053551	14	95053551	95053551	0.00577352	-0.0219431	0
ENSG00000182512	14	95999841	96011061	+	7711	-946269	14:95053572	14	95053572	95053572	0.00577352	-0.0219431	0
ENSG00000182512	14	95999841	96011061	+	7711	-945951	14:95053890	14	95053890	95053890	0.00696995	-0.023534	0
ENSG00000182512	14	95999841	96011061	+	7711	-945665	14:95054176	14	95054176	95054176	0.00336874	-0.0255736	0
ENSG00000182512	14	95999841	96011061	+	7711	-943728	14:95056113	14	95056113	95056113	0.0453016	0.0160145	0
ENSG00000182512	14	95999841	96011061	+	7711	-942571	14:95057270	14	95057270	95057270	0.0943182	-0.0150541	0
ENSG00000182512	14	95999841	96011061	+	7711	-942440	14:95057401	14	95057401	95057401	0.0398949	0.0156878	0
ENSG00000182512	14	95999841	96011061	+	7711	-941481	14:95058360	14	95058360	95058360	0.0943182	-0.0150541	0
ENSG00000182512	14	95999841	96011061	+	7711	-941379	14:95058462	14	95058462	95058462	0.0511605	0.015637	0
ENSG00000182512	14	95999841	96011061	+	7711	-941210	14:95058631	14	95058631	95058631	0.0255682	-0.0177508	0
ENSG00000182512	14	95999841	96011061	+	7711	-941028	14:95058813	14	95058813	95058813	0.0511605	0.015637	0
ENSG00000182512	14	95999841	96011061	+	7711	-940916	14:95058925	14	95058925	95058925	0.0511605	0.015637	0
ENSG00000182512	14	95999841	96011061	+	7711	-940765	14:95059076	14	95059076	95059076	0.0255682	-0.0177508	0
ENSG00000182512	14	95999841	96011061	+	7711	-940460	14:95059381	14	95059381	95059381	0.0511605	0.015637	0
ENSG00000182512	14	95999841	96011061	+	7711	-940059	14:95059782	14	95059782	95059782	0.0594014	0.0150856	0
ENSG00000182512	14	95999841	96011061	+	7711	-939977	14:95059864	14	95059864	95059864	0.0594014	0.0150856	0
ENSG00000182512	14	95999841	96011061	+	7711	-939467	14:95060374	14	95060374	95060374	0.0470022	0.0159608	0
ENSG00000182512	14	95999841	96011061	+	7711	-939444	14:95060397	14	95060397	95060397	0.0470022	0.0159608	0
ENSG00000182512	14	95999841	96011061	+	7711	-939272	14:95060569	14	95060569	95060569	0.0612494	0.0149453	0
ENSG00000182512	14	95999841	96011061	+	7711	-939208	14:95060633	14	95060633	95060633	0.0511605	0.015637	0
ENSG00000182512	14	95999841	96011061	+	7711	-938731	14:95061110	14	95061110	95061110	0.0511605	0.015637	0
ENSG00000182512	14	95999841	96011061	+	7711	-938320	14:95061521	14	95061521	95061521	0.0472743	0.0159463	0
ENSG00000182512	14	95999841	96011061	+	7711	-938256	14:95061585	14	95061585	95061585	0.0747515	-0.0160307	0
ENSG00000182512	14	95999841	96011061	+	7711	-938184	14:95061657	14	95061657	95061657	0.0747515	-0.0160307	0
ENSG00000182512	14	95999841	96011061	+	7711	-937657	14:95062184	14	95062184	95062184	0.0472743	0.0159463	0
ENSG00000182512	14	95999841	96011061	+	7711	-937628	14:95062213	14	95062213	95062213	0.0472743	0.0159463	0
ENSG00000182512	14	95999841	96011061	+	7711	-937543	14:95062298	14	95062298	95062298	0.0905568	-0.0152459	0
ENSG00000182512	14	95999841	96011061	+	7711	-937485	14:95062356	14	95062356	95062356	0.0472743	0.0159463	0
ENSG00000182512	14	95999841	96011061	+	7711	-937267	14:95062574	14	95062574	95062574	0.0472743	0.0159463	0
ENSG00000182512	14	95999841	96011061	+	7711	-937055	14:95062786	14	95062786	95062786	0.0472743	0.0159463	0
ENSG00000182512	14	95999841	96011061	+	7711	-937044	14:95062797	14	95062797	95062797	0.0472743	0.0159463	0
ENSG00000182512	14	95999841	96011061	+	7711	-936734	14:95063107	14	95063107	95063107	0.0081	-0.0212634	0
ENSG00000182512	14	95999841	96011061	+	7711	-936724	14:95063117	14	95063117	95063117	0.0472743	0.0159463	0
ENSG00000182512	14	95999841	96011061	+	7711	-936667	14:95063174	14	95063174	95063174	0.0341229	-0.0191506	0
ENSG00000182512	14	95999841	96011061	+	7711	-933871	14:95065970	14	95065970	95065970	0.0629446	-0.0345852	0
ENSG00000182512	14	95999841	96011061	+	7711	-933728	14:95066113	14	95066113	95066113	0.0629446	-0.0345852	0
ENSG00000182512	14	95999841	96011061	+	7711	-932623	14:95067218	14	95067218	95067218	0.0629446	-0.0345852	0
ENSG00000182512	14	95999841	96011061	+	7711	-930695	14:95069146	14	95069146	95069146	0.0170548	-0.0470534	0
ENSG00000182512	14	95999841	96011061	+	7711	-929811	14:95070030	14	95070030	95070030	0.0771902	0.0339188	0
ENSG00000182512	14	95999841	96011061	+	7711	-929175	14:95070666	14	95070666	95070666	0.0994743	0.022112	0
ENSG00000182512	14	95999841	96011061	+	7711	-928871	14:95070970	14	95070970	95070970	0.0629446	-0.0345852	0
ENSG00000182512	14	95999841	96011061	+	7711	-919182	14:95080659	14	95080659	95080659	0.0233047	-0.0423536	0
ENSG00000182512	14	95999841	96011061	+	7711	-912733	14:95087108	14	95087108	95087108	0.0545669	0.0178599	0
ENSG00000182512	14	95999841	96011061	+	7711	-910994	14:95088847	14	95088847	95088847	0.00218629	0.0664858	0
ENSG00000182512	14	95999841	96011061	+	7711	-907253	14:95092588	14	95092588	95092588	0.0445465	-0.049261	0
ENSG00000182512	14	95999841	96011061	+	7711	-906753	14:95093088	14	95093088	95093088	0.0943122	-0.0161691	0
ENSG00000182512	14	95999841	96011061	+	7711	-901058	14:95098783	14	95098783	95098783	0.00633042	0.0302884	0
ENSG00000182512	14	95999841	96011061	+	7711	-874856	14:95124985	14	95124985	95124985	0.0568887	0.0180143	0
ENSG00000182512	14	95999841	96011061	+	7711	-814248	14:95185593	14	95185593	95185593	0.0287241	-0.085912	0
ENSG00000182512	14	95999841	96011061	+	7711	-814072	14:95185769	14	95185769	95185769	0.0976834	-0.054463	0
ENSG00000182512	14	95999841	96011061	+	7711	-812962	14:95186879	14	95186879	95186879	0.0976834	-0.054463	0
ENSG00000182512	14	95999841	96011061	+	7711	-809870	14:95189971	14	95189971	95189971	0.0976834	-0.054463	0
ENSG00000182512	14	95999841	96011061	+	7711	-809847	14:95189994	14	95189994	95189994	0.0887351	-0.0136909	0
ENSG00000182512	14	95999841	96011061	+	7711	-809435	14:95190406	14	95190406	95190406	0.0464832	-0.0283947	0
ENSG00000182512	14	95999841	96011061	+	7711	-805648	14:95194193	14	95194193	95194193	0.0724512	0.03246	0
ENSG00000182512	14	95999841	96011061	+	7711	-805589	14:95194252	14	95194252	95194252	0.0854505	-0.0201382	0
ENSG00000182512	14	95999841	96011061	+	7711	-805510	14:95194331	14	95194331	95194331	0.0418055	0.0371088	0
ENSG00000182512	14	95999841	96011061	+	7711	-801109	14:95198732	14	95198732	95198732	0.0386583	0.0384388	0
ENSG00000182512	14	95999841	96011061	+	7711	-796319	14:95203522	14	95203522	95203522	0.0418055	0.0371088	0
ENSG00000182512	14	95999841	96011061	+	7711	-785867	14:95213974	14	95213974	95213974	0.0377921	-0.0775163	0
ENSG00000182512	14	95999841	96011061	+	7711	-778603	14:95221238	14	95221238	95221238	0.01617	-0.0340956	0
ENSG00000182512	14	95999841	96011061	+	7711	-774807	14:95225034	14	95225034	95225034	0.0659592	-0.0412978	0
ENSG00000182512	14	95999841	96011061	+	7711	-755460	14:95244381	14	95244381	95244381	0.0377921	-0.0775163	0
ENSG00000182512	14	95999841	96011061	+	7711	-754206	14:95245635	14	95245635	95245635	0.070276	0.0472919	0
ENSG00000182512	14	95999841	96011061	+	7711	-754108	14:95245733	14	95245733	95245733	0.00994472	-0.0224898	0
ENSG00000182512	14	95999841	96011061	+	7711	-750316	14:95249525	14	95249525	95249525	0.0733384	0.0428895	0
ENSG00000182512	14	95999841	96011061	+	7711	-749447	14:95250394	14	95250394	95250394	0.06196	0.0153977	0
ENSG00000182512	14	95999841	96011061	+	7711	-749347	14:95250494	14	95250494	95250494	0.06196	0.0153977	0
ENSG00000182512	14	95999841	96011061	+	7711	-744501	14:95255340	14	95255340	95255340	0.0733384	0.0428895	0
ENSG00000182512	14	95999841	96011061	+	7711	-714858	14:95284983	14	95284983	95284983	0.0586238	-0.0155734	0
ENSG00000182512	14	95999841	96011061	+	7711	-714577	14:95285264	14	95285264	95285264	0.0688356	-0.0149282	0
ENSG00000182512	14	95999841	96011061	+	7711	-704314	14:95295527	14	95295527	95295527	0.0764248	0.0145126	0
ENSG00000182512	14	95999841	96011061	+	7711	-703438	14:95296403	14	95296403	95296403	0.000476776	-0.0528353	0
ENSG00000182512	14	95999841	96011061	+	7711	-702348	14:95297493	14	95297493	95297493	0.0934599	-0.0228398	0
ENSG00000182512	14	95999841	96011061	+	7711	-700898	14:95298943	14	95298943	95298943	0.0191499	-0.0269921	0
ENSG00000182512	14	95999841	96011061	+	7711	-699484	14:95300357	14	95300357	95300357	0.0707271	-0.0196703	0
ENSG00000182512	14	95999841	96011061	+	7711	-697476	14:95302365	14	95302365	95302365	0.0707271	-0.0196703	0
ENSG00000182512	14	95999841	96011061	+	7711	-695806	14:95304035	14	95304035	95304035	0.00170606	-0.0336878	0
ENSG00000182512	14	95999841	96011061	+	7711	-695602	14:95304239	14	95304239	95304239	0.04001	0.0674729	0
ENSG00000182512	14	95999841	96011061	+	7711	-695179	14:95304662	14	95304662	95304662	0.042842	-0.0219915	0
ENSG00000182512	14	95999841	96011061	+	7711	-695091	14:95304750	14	95304750	95304750	0.000617038	-0.0289512	0
ENSG00000182512	14	95999841	96011061	+	7711	-693882	14:95305959	14	95305959	95305959	0.0680679	0.0403449	0
ENSG00000182512	14	95999841	96011061	+	7711	-692898	14:95306943	14	95306943	95306943	0.056048	-0.0267408	0
ENSG00000182512	14	95999841	96011061	+	7711	-692224	14:95307617	14	95307617	95307617	0.016622	-0.0214231	0
ENSG00000182512	14	95999841	96011061	+	7711	-692215	14:95307626	14	95307626	95307626	0.016622	-0.0214231	0
ENSG00000182512	14	95999841	96011061	+	7711	-691669	14:95308172	14	95308172	95308172	0.00140809	-0.0351048	0
ENSG00000182512	14	95999841	96011061	+	7711	-691116	14:95308725	14	95308725	95308725	0.0020887	-0.0342132	0
ENSG00000182512	14	95999841	96011061	+	7711	-687181	14:95312660	14	95312660	95312660	0.00421359	-0.0458886	0
ENSG00000182512	14	95999841	96011061	+	7711	-686646	14:95313195	14	95313195	95313195	0.0155985	0.0361049	0
ENSG00000182512	14	95999841	96011061	+	7711	-686308	14:95313533	14	95313533	95313533	0.0156116	-0.0270975	0
ENSG00000182512	14	95999841	96011061	+	7711	-686016	14:95313825	14	95313825	95313825	0.0267967	-0.0248742	0
ENSG00000182512	14	95999841	96011061	+	7711	-685836	14:95314005	14	95314005	95314005	0.0267967	-0.0248742	0
ENSG00000182512	14	95999841	96011061	+	7711	-684857	14:95314984	14	95314984	95314984	0.04001	0.0674729	0
ENSG00000182512	14	95999841	96011061	+	7711	-683814	14:95316027	14	95316027	95316027	0.0320095	-0.017208	0
ENSG00000182512	14	95999841	96011061	+	7711	-683398	14:95316443	14	95316443	95316443	0.0134772	0.0190163	0
ENSG00000182512	14	95999841	96011061	+	7711	-682771	14:95317070	14	95317070	95317070	0.0281311	0.0268441	0
ENSG00000182512	14	95999841	96011061	+	7711	-682687	14:95317154	14	95317154	95317154	0.0361899	-0.025001	0
ENSG00000182512	14	95999841	96011061	+	7711	-681673	14:95318168	14	95318168	95318168	0.0564971	-0.0213598	0
ENSG00000182512	14	95999841	96011061	+	7711	-681292	14:95318549	14	95318549	95318549	0.0688391	-0.0336654	0
ENSG00000182512	14	95999841	96011061	+	7711	-680996	14:95318845	14	95318845	95318845	0.0922857	-0.0314761	0
ENSG00000182512	14	95999841	96011061	+	7711	-680988	14:95318853	14	95318853	95318853	0.0361899	-0.025001	0
ENSG00000182512	14	95999841	96011061	+	7711	-680635	14:95319206	14	95319206	95319206	0.0922857	-0.0314761	0
ENSG00000182512	14	95999841	96011061	+	7711	-679124	14:95320717	14	95320717	95320717	0.0922857	-0.0314761	0
ENSG00000182512	14	95999841	96011061	+	7711	-678682	14:95321159	14	95321159	95321159	0.0361899	-0.025001	0
ENSG00000182512	14	95999841	96011061	+	7711	-677043	14:95322798	14	95322798	95322798	0.0725508	-0.0332262	0
ENSG00000182512	14	95999841	96011061	+	7711	-675787	14:95324054	14	95324054	95324054	0.0376746	0.0251451	0
ENSG00000182512	14	95999841	96011061	+	7711	-675554	14:95324287	14	95324287	95324287	0.0725508	-0.0332262	0
ENSG00000182512	14	95999841	96011061	+	7711	-674972	14:95324869	14	95324869	95324869	0.0725508	-0.0332262	0
ENSG00000182512	14	95999841	96011061	+	7711	-674967	14:95324874	14	95324874	95324874	0.0725508	-0.0332262	0
ENSG00000182512	14	95999841	96011061	+	7711	-674886	14:95324955	14	95324955	95324955	0.0725508	-0.0332262	0
ENSG00000182512	14	95999841	96011061	+	7711	-674352	14:95325489	14	95325489	95325489	0.0259489	-0.0262305	0
ENSG00000182512	14	95999841	96011061	+	7711	-673611	14:95326230	14	95326230	95326230	0.0725508	-0.0332262	0
ENSG00000182512	14	95999841	96011061	+	7711	-673255	14:95326586	14	95326586	95326586	0.0725508	-0.0332262	0
ENSG00000182512	14	95999841	96011061	+	7711	-673230	14:95326611	14	95326611	95326611	0.0725508	-0.0332262	0
ENSG00000182512	14	95999841	96011061	+	7711	-672695	14:95327146	14	95327146	95327146	0.0725508	-0.0332262	0
ENSG00000182512	14	95999841	96011061	+	7711	-672689	14:95327152	14	95327152	95327152	0.0725508	-0.0332262	0
ENSG00000182512	14	95999841	96011061	+	7711	-672663	14:95327178	14	95327178	95327178	0.0725508	-0.0332262	0
ENSG00000182512	14	95999841	96011061	+	7711	-672635	14:95327206	14	95327206	95327206	0.0725508	-0.0332262	0
ENSG00000182512	14	95999841	96011061	+	7711	-672492	14:95327349	14	95327349	95327349	0.0725508	-0.0332262	0
ENSG00000182512	14	95999841	96011061	+	7711	-672468	14:95327373	14	95327373	95327373	0.0725508	-0.0332262	0
ENSG00000182512	14	95999841	96011061	+	7711	-672460	14:95327381	14	95327381	95327381	0.0725508	-0.0332262	0
ENSG00000182512	14	95999841	96011061	+	7711	-672415	14:95327426	14	95327426	95327426	0.0328903	0.0258813	0
ENSG00000182512	14	95999841	96011061	+	7711	-672264	14:95327577	14	95327577	95327577	0.0725508	-0.0332262	0
ENSG00000182512	14	95999841	96011061	+	7711	-672235	14:95327606	14	95327606	95327606	0.0725508	-0.0332262	0
ENSG00000182512	14	95999841	96011061	+	7711	-671758	14:95328083	14	95328083	95328083	0.0725508	-0.0332262	0
ENSG00000182512	14	95999841	96011061	+	7711	-671486	14:95328355	14	95328355	95328355	0.0725508	-0.0332262	0
ENSG00000182512	14	95999841	96011061	+	7711	-671440	14:95328401	14	95328401	95328401	0.0725508	-0.0332262	0
ENSG00000182512	14	95999841	96011061	+	7711	-671272	14:95328569	14	95328569	95328569	0.0725508	-0.0332262	0
ENSG00000182512	14	95999841	96011061	+	7711	-671193	14:95328648	14	95328648	95328648	0.0725508	-0.0332262	0
ENSG00000182512	14	95999841	96011061	+	7711	-671152	14:95328689	14	95328689	95328689	0.0367701	-0.0246669	0
ENSG00000182512	14	95999841	96011061	+	7711	-671149	14:95328692	14	95328692	95328692	0.0725508	-0.0332262	0
ENSG00000182512	14	95999841	96011061	+	7711	-671095	14:95328746	14	95328746	95328746	0.0725508	-0.0332262	0
ENSG00000182512	14	95999841	96011061	+	7711	-670977	14:95328864	14	95328864	95328864	0.0725508	-0.0332262	0
ENSG00000182512	14	95999841	96011061	+	7711	-670961	14:95328880	14	95328880	95328880	0.0725508	-0.0332262	0
ENSG00000182512	14	95999841	96011061	+	7711	-670834	14:95329007	14	95329007	95329007	0.0725508	-0.0332262	0
ENSG00000182512	14	95999841	96011061	+	7711	-670564	14:95329277	14	95329277	95329277	0.0725508	-0.0332262	0
ENSG00000182512	14	95999841	96011061	+	7711	-670490	14:95329351	14	95329351	95329351	0.0725508	-0.0332262	0
ENSG00000182512	14	95999841	96011061	+	7711	-670327	14:95329514	14	95329514	95329514	0.093924	-0.0195101	0
ENSG00000182512	14	95999841	96011061	+	7711	-670246	14:95329595	14	95329595	95329595	0.0725508	-0.0332262	0
ENSG00000182512	14	95999841	96011061	+	7711	-670130	14:95329711	14	95329711	95329711	0.0922857	-0.0314761	0
ENSG00000182512	14	95999841	96011061	+	7711	-670116	14:95329725	14	95329725	95329725	0.0725508	-0.0332262	0
ENSG00000182512	14	95999841	96011061	+	7711	-670004	14:95329837	14	95329837	95329837	0.0110756	0.0599136	0
ENSG00000182512	14	95999841	96011061	+	7711	-669926	14:95329915	14	95329915	95329915	0.0725508	-0.0332262	0
ENSG00000182512	14	95999841	96011061	+	7711	-668770	14:95331071	14	95331071	95331071	0.0591104	0.0178805	0
ENSG00000182512	14	95999841	96011061	+	7711	-667073	14:95332768	14	95332768	95332768	0.0529344	-0.0419344	0
ENSG00000182512	14	95999841	96011061	+	7711	-666674	14:95333167	14	95333167	95333167	0.0499455	0.0260215	0
ENSG00000182512	14	95999841	96011061	+	7711	-662824	14:95337017	14	95337017	95337017	0.0548212	0.0252937	0
ENSG00000182512	14	95999841	96011061	+	7711	-659687	14:95340154	14	95340154	95340154	0.0891645	0.0174944	0
ENSG00000182512	14	95999841	96011061	+	7711	-659123	14:95340718	14	95340718	95340718	0.0266929	0.0197549	0
ENSG00000182512	14	95999841	96011061	+	7711	-656969	14:95342872	14	95342872	95342872	0.0654624	0.0167342	0
ENSG00000182512	14	95999841	96011061	+	7711	-656692	14:95343149	14	95343149	95343149	0.0746221	0.0162885	0
ENSG00000182512	14	95999841	96011061	+	7711	-656093	14:95343748	14	95343748	95343748	0.0597744	0.0171081	0
ENSG00000182512	14	95999841	96011061	+	7711	-653482	14:95346359	14	95346359	95346359	0.0960412	0.0149451	0
ENSG00000182512	14	95999841	96011061	+	7711	-634719	14:95365122	14	95365122	95365122	0.0528699	0.0302	0
ENSG00000182512	14	95999841	96011061	+	7711	-607119	14:95392722	14	95392722	95392722	0.0939994	0.0204569	0
ENSG00000182512	14	95999841	96011061	+	7711	-602557	14:95397284	14	95397284	95397284	0.0797643	-0.01653	0
ENSG00000182512	14	95999841	96011061	+	7711	-600549	14:95399292	14	95399292	95399292	0.0802558	-0.0164986	0
ENSG00000182512	14	95999841	96011061	+	7711	-595108	14:95404733	14	95404733	95404733	0.0999134	0.0176204	0
ENSG00000182512	14	95999841	96011061	+	7711	-586372	14:95413469	14	95413469	95413469	0.0777061	0.0237361	0
ENSG00000182512	14	95999841	96011061	+	7711	-584728	14:95415113	14	95415113	95415113	0.0877788	0.022973	0
ENSG00000182512	14	95999841	96011061	+	7711	-583154	14:95416687	14	95416687	95416687	0.0784917	0.0166474	0
ENSG00000182512	14	95999841	96011061	+	7711	-573805	14:95426036	14	95426036	95426036	0.048657	0.0249806	0
ENSG00000182512	14	95999841	96011061	+	7711	-572036	14:95427805	14	95427805	95427805	0.0339283	0.0267769	0
ENSG00000182512	14	95999841	96011061	+	7711	-570687	14:95429154	14	95429154	95429154	0.0529551	0.0246027	0
ENSG00000182512	14	95999841	96011061	+	7711	-570558	14:95429283	14	95429283	95429283	0.0221371	-0.024454	0
ENSG00000182512	14	95999841	96011061	+	7711	-569528	14:95430313	14	95430313	95430313	0.0252885	-0.0491677	0
ENSG00000182512	14	95999841	96011061	+	7711	-569482	14:95430359	14	95430359	95430359	0.0357188	-0.0224093	0
ENSG00000182512	14	95999841	96011061	+	7711	-569336	14:95430505	14	95430505	95430505	0.0347373	-0.045727	0
ENSG00000182512	14	95999841	96011061	+	7711	-562967	14:95436874	14	95436874	95436874	0.0200479	-0.0503336	0
ENSG00000182512	14	95999841	96011061	+	7711	-562173	14:95437668	14	95437668	95437668	0.0390007	-0.0215158	0
ENSG00000182512	14	95999841	96011061	+	7711	-560613	14:95439228	14	95439228	95439228	0.0390007	-0.0215158	0
ENSG00000182512	14	95999841	96011061	+	7711	-556504	14:95443337	14	95443337	95443337	0.00741261	-0.0617212	0
ENSG00000182512	14	95999841	96011061	+	7711	-552623	14:95447218	14	95447218	95447218	0.00741261	-0.0617212	0
ENSG00000182512	14	95999841	96011061	+	7711	-549573	14:95450268	14	95450268	95450268	0.0236726	-0.0635316	0
ENSG00000182512	14	95999841	96011061	+	7711	-548289	14:95451552	14	95451552	95451552	0.00741261	-0.0617212	0
ENSG00000182512	14	95999841	96011061	+	7711	-547165	14:95452676	14	95452676	95452676	0.00741261	-0.0617212	0
ENSG00000182512	14	95999841	96011061	+	7711	-547064	14:95452777	14	95452777	95452777	0.0312224	-0.0224492	0
ENSG00000182512	14	95999841	96011061	+	7711	-546445	14:95453396	14	95453396	95453396	0.0318908	-0.0304427	0
ENSG00000182512	14	95999841	96011061	+	7711	-545116	14:95454725	14	95454725	95454725	0.0171846	-0.0221254	0
ENSG00000182512	14	95999841	96011061	+	7711	-544980	14:95454861	14	95454861	95454861	0.0106835	-0.0578798	0
ENSG00000182512	14	95999841	96011061	+	7711	-535443	14:95464398	14	95464398	95464398	0.00636532	0.0361807	0
ENSG00000182512	14	95999841	96011061	+	7711	-535439	14:95464402	14	95464402	95464402	0.0194174	0.0322748	0
ENSG00000182512	14	95999841	96011061	+	7711	-529017	14:95470824	14	95470824	95470824	0.0533788	-0.0304524	0
ENSG00000182512	14	95999841	96011061	+	7711	-525557	14:95474284	14	95474284	95474284	0.028652	0.0392973	0
ENSG00000182512	14	95999841	96011061	+	7711	-525163	14:95474678	14	95474678	95474678	0.0520279	0.0443426	0
ENSG00000182512	14	95999841	96011061	+	7711	-517728	14:95482113	14	95482113	95482113	0.060097	-0.0281101	0
ENSG00000182512	14	95999841	96011061	+	7711	-509043	14:95490798	14	95490798	95490798	0.0202944	0.041283	0
ENSG00000182512	14	95999841	96011061	+	7711	-508789	14:95491052	14	95491052	95491052	0.0202944	0.041283	0
ENSG00000182512	14	95999841	96011061	+	7711	-503290	14:95496551	14	95496551	95496551	0.0377614	0.036977	0
ENSG00000182512	14	95999841	96011061	+	7711	-497490	14:95502351	14	95502351	95502351	0.0520374	0.0349114	0
ENSG00000182512	14	95999841	96011061	+	7711	-496585	14:95503256	14	95503256	95503256	0.0520374	0.0349114	0
ENSG00000182512	14	95999841	96011061	+	7711	-494782	14:95505059	14	95505059	95505059	0.0377614	0.036977	0
ENSG00000182512	14	95999841	96011061	+	7711	-492858	14:95506983	14	95506983	95506983	0.0734233	0.019466	0
ENSG00000182512	14	95999841	96011061	+	7711	-491956	14:95507885	14	95507885	95507885	0.0734233	0.019466	0
ENSG00000182512	14	95999841	96011061	+	7711	-489987	14:95509854	14	95509854	95509854	0.0958871	0.0176981	0
ENSG00000182512	14	95999841	96011061	+	7711	-488623	14:95511218	14	95511218	95511218	0.0660119	0.0195884	0
ENSG00000182512	14	95999841	96011061	+	7711	-487358	14:95512483	14	95512483	95512483	0.0547418	0.0490827	0
ENSG00000182512	14	95999841	96011061	+	7711	-487071	14:95512770	14	95512770	95512770	0.081932	0.0186967	0
ENSG00000182512	14	95999841	96011061	+	7711	-486560	14:95513281	14	95513281	95513281	0.081932	0.0186967	0
ENSG00000182512	14	95999841	96011061	+	7711	-482944	14:95516897	14	95516897	95516897	0.0146993	0.0237037	0
ENSG00000182512	14	95999841	96011061	+	7711	-482913	14:95516928	14	95516928	95516928	0.0630962	0.0334029	0
ENSG00000182512	14	95999841	96011061	+	7711	-481001	14:95518840	14	95518840	95518840	0.0238289	0.0215199	0
ENSG00000182512	14	95999841	96011061	+	7711	-475460	14:95524381	14	95524381	95524381	0.0852379	0.0312345	0
ENSG00000182512	14	95999841	96011061	+	7711	-467457	14:95532384	14	95532384	95532384	0.0695941	0.0494773	0
ENSG00000182512	14	95999841	96011061	+	7711	-459485	14:95540356	14	95540356	95540356	0.0463647	0.0542954	0
ENSG00000182512	14	95999841	96011061	+	7711	-459309	14:95540532	14	95540532	95540532	0.0426309	0.0170846	0
ENSG00000182512	14	95999841	96011061	+	7711	-458832	14:95541009	14	95541009	95541009	0.0479721	0.0165964	0
ENSG00000182512	14	95999841	96011061	+	7711	-458643	14:95541198	14	95541198	95541198	0.0826742	0.0183987	0
ENSG00000182512	14	95999841	96011061	+	7711	-458432	14:95541409	14	95541409	95541409	0.0766589	0.0187494	0
ENSG00000182512	14	95999841	96011061	+	7711	-457071	14:95542770	14	95542770	95542770	0.0320087	0.0180965	0
ENSG00000182512	14	95999841	96011061	+	7711	-457057	14:95542784	14	95542784	95542784	0.0479721	0.0165964	0
ENSG00000182512	14	95999841	96011061	+	7711	-456964	14:95542877	14	95542877	95542877	0.0568571	0.0202046	0
ENSG00000182512	14	95999841	96011061	+	7711	-456874	14:95542967	14	95542967	95542967	0.0479721	0.0165964	0
ENSG00000182512	14	95999841	96011061	+	7711	-456817	14:95543024	14	95543024	95543024	0.0479721	0.0165964	0
ENSG00000182512	14	95999841	96011061	+	7711	-456535	14:95543306	14	95543306	95543306	0.0479721	0.0165964	0
ENSG00000182512	14	95999841	96011061	+	7711	-456097	14:95543744	14	95543744	95543744	0.0479721	0.0165964	0
ENSG00000182512	14	95999841	96011061	+	7711	-454668	14:95545173	14	95545173	95545173	0.0611136	0.0156529	0
ENSG00000182512	14	95999841	96011061	+	7711	-454254	14:95545587	14	95545587	95545587	0.0611136	0.0156529	0
ENSG00000182512	14	95999841	96011061	+	7711	-453376	14:95546465	14	95546465	95546465	0.0266244	0.0190167	0
ENSG00000182512	14	95999841	96011061	+	7711	-452393	14:95547448	14	95547448	95547448	0.0469429	0.0166177	0
ENSG00000182512	14	95999841	96011061	+	7711	-452386	14:95547455	14	95547455	95547455	0.0885251	0.0180405	0
ENSG00000182512	14	95999841	96011061	+	7711	-451507	14:95548334	14	95548334	95548334	0.0317729	0.0570921	0
ENSG00000182512	14	95999841	96011061	+	7711	-451118	14:95548723	14	95548723	95548723	0.0469429	0.0166177	0
ENSG00000182512	14	95999841	96011061	+	7711	-450689	14:95549152	14	95549152	95549152	0.0136018	-0.0533887	0
ENSG00000182512	14	95999841	96011061	+	7711	-450302	14:95549539	14	95549539	95549539	0.0409947	0.022988	0
ENSG00000182512	14	95999841	96011061	+	7711	-450096	14:95549745	14	95549745	95549745	0.0486588	0.0224282	0
ENSG00000182512	14	95999841	96011061	+	7711	-448287	14:95551554	14	95551554	95551554	0.0115235	0.0256244	0
ENSG00000182512	14	95999841	96011061	+	7711	-448173	14:95551668	14	95551668	95551668	0.0682407	0.0680896	0
ENSG00000182512	14	95999841	96011061	+	7711	-436129	14:95563712	14	95563712	95563712	0.0500119	0.018814	0
ENSG00000182512	14	95999841	96011061	+	7711	-434285	14:95565556	14	95565556	95565556	0.0500119	0.018814	0
ENSG00000182512	14	95999841	96011061	+	7711	-429055	14:95570786	14	95570786	95570786	0.0486588	0.0224282	0
ENSG00000182512	14	95999841	96011061	+	7711	-424427	14:95575414	14	95575414	95575414	0.0464093	0.0167288	0
ENSG00000182512	14	95999841	96011061	+	7711	-419849	14:95579992	14	95579992	95579992	0.0842736	0.0145596	0
ENSG00000182512	14	95999841	96011061	+	7711	-417942	14:95581899	14	95581899	95581899	0.0371308	0.0215866	0
ENSG00000182512	14	95999841	96011061	+	7711	-417297	14:95582544	14	95582544	95582544	0.0842736	0.0145596	0
ENSG00000182512	14	95999841	96011061	+	7711	-414288	14:95585553	14	95585553	95585553	0.0842736	0.0145596	0
ENSG00000182512	14	95999841	96011061	+	7711	-410580	14:95589261	14	95589261	95589261	0.0371308	0.0215866	0
ENSG00000182512	14	95999841	96011061	+	7711	-410556	14:95589285	14	95589285	95589285	0.0492188	0.0201893	0
ENSG00000182512	14	95999841	96011061	+	7711	-405154	14:95594687	14	95594687	95594687	0.0504412	0.0169679	0
ENSG00000182512	14	95999841	96011061	+	7711	-404187	14:95595654	14	95595654	95595654	0.0504412	0.0169679	0
ENSG00000182512	14	95999841	96011061	+	7711	-402301	14:95597540	14	95597540	95597540	0.0371308	0.0215866	0
ENSG00000182512	14	95999841	96011061	+	7711	-399835	14:95600006	14	95600006	95600006	0.0561234	0.0165902	0
ENSG00000182512	14	95999841	96011061	+	7711	-397182	14:95602659	14	95602659	95602659	0.0504412	0.0169679	0
ENSG00000182512	14	95999841	96011061	+	7711	-393056	14:95606785	14	95606785	95606785	0.0371308	0.0215866	0
ENSG00000182512	14	95999841	96011061	+	7711	-391391	14:95608450	14	95608450	95608450	0.0504412	0.0169679	0
ENSG00000182512	14	95999841	96011061	+	7711	-389517	14:95610324	14	95610324	95610324	0.0504412	0.0169679	0
ENSG00000182512	14	95999841	96011061	+	7711	-389193	14:95610648	14	95610648	95610648	0.0693041	0.0302792	0
ENSG00000182512	14	95999841	96011061	+	7711	-388544	14:95611297	14	95611297	95611297	0.042907	0.0209574	0
ENSG00000182512	14	95999841	96011061	+	7711	-387610	14:95612231	14	95612231	95612231	0.0371308	0.0215866	0
ENSG00000182512	14	95999841	96011061	+	7711	-386370	14:95613471	14	95613471	95613471	0.0443594	0.0174277	0
ENSG00000182512	14	95999841	96011061	+	7711	-384969	14:95614872	14	95614872	95614872	0.0882425	0.0197202	0
ENSG00000182512	14	95999841	96011061	+	7711	-381865	14:95617976	14	95617976	95617976	0.0693041	0.0302792	0
ENSG00000182512	14	95999841	96011061	+	7711	-380366	14:95619475	14	95619475	95619475	0.0529497	0.0167678	0
ENSG00000182512	14	95999841	96011061	+	7711	-378709	14:95621132	14	95621132	95621132	0.0420103	0.0176238	0
ENSG00000182512	14	95999841	96011061	+	7711	-377641	14:95622200	14	95622200	95622200	0.0389222	0.0214174	0
ENSG00000182512	14	95999841	96011061	+	7711	-377609	14:95622232	14	95622232	95622232	0.0420103	0.0176238	0
ENSG00000182512	14	95999841	96011061	+	7711	-374915	14:95624926	14	95624926	95624926	0.0622063	0.0194646	0
ENSG00000182512	14	95999841	96011061	+	7711	-374130	14:95625711	14	95625711	95625711	0.0507888	0.0160909	0
ENSG00000182512	14	95999841	96011061	+	7711	-372088	14:95627753	14	95627753	95627753	0.054517	0.01592	0
ENSG00000182512	14	95999841	96011061	+	7711	-372044	14:95627797	14	95627797	95627797	0.054517	0.01592	0
ENSG00000182512	14	95999841	96011061	+	7711	-364697	14:95635144	14	95635144	95635144	0.0637467	-0.040378	0
ENSG00000182512	14	95999841	96011061	+	7711	-356951	14:95642890	14	95642890	95642890	0.0361701	0.0357269	0
ENSG00000182512	14	95999841	96011061	+	7711	-356869	14:95642972	14	95642972	95642972	0.0459911	0.016437	0
ENSG00000182512	14	95999841	96011061	+	7711	-354783	14:95645058	14	95645058	95645058	0.0253644	0.0188553	0
ENSG00000182512	14	95999841	96011061	+	7711	-353821	14:95646020	14	95646020	95646020	0.0218985	0.0192775	0
ENSG00000182512	14	95999841	96011061	+	7711	-351417	14:95648424	14	95648424	95648424	0.0164184	0.0201225	0
ENSG00000182512	14	95999841	96011061	+	7711	-351184	14:95648657	14	95648657	95648657	0.0148961	0.0205285	0
ENSG00000182512	14	95999841	96011061	+	7711	-348252	14:95651589	14	95651589	95651589	0.0164184	0.0201225	0
ENSG00000182512	14	95999841	96011061	+	7711	-288116	14:95711725	14	95711725	95711725	0.0719428	0.0493024	0
ENSG00000182512	14	95999841	96011061	+	7711	-286572	14:95713269	14	95713269	95713269	0.0719428	0.0493024	0
ENSG00000182512	14	95999841	96011061	+	7711	-281519	14:95718322	14	95718322	95718322	0.0539413	0.0541677	0
ENSG00000182512	14	95999841	96011061	+	7711	-278908	14:95720933	14	95720933	95720933	0.0539413	0.0541677	0
ENSG00000182512	14	95999841	96011061	+	7711	-278247	14:95721594	14	95721594	95721594	0.0392957	0.0595125	0
ENSG00000182512	14	95999841	96011061	+	7711	-276533	14:95723308	14	95723308	95723308	0.0689395	0.051131	0
ENSG00000182512	14	95999841	96011061	+	7711	-247175	14:95752666	14	95752666	95752666	0.0751196	0.0225982	0
ENSG00000182512	14	95999841	96011061	+	7711	-246486	14:95753355	14	95753355	95753355	0.0751196	0.0225982	0
ENSG00000182512	14	95999841	96011061	+	7711	-235277	14:95764564	14	95764564	95764564	0.00481986	0.0790218	0
ENSG00000182512	14	95999841	96011061	+	7711	-234092	14:95765749	14	95765749	95765749	0.0943871	0.0135523	0
ENSG00000182512	14	95999841	96011061	+	7711	-232011	14:95767830	14	95767830	95767830	0.019521	0.0325294	0
ENSG00000182512	14	95999841	96011061	+	7711	-231863	14:95767978	14	95767978	95767978	0.0144476	0.0726313	0
ENSG00000182512	14	95999841	96011061	+	7711	-230138	14:95769703	14	95769703	95769703	0.00475179	0.105135	0
ENSG00000182512	14	95999841	96011061	+	7711	-228981	14:95770860	14	95770860	95770860	0.0656092	0.0265343	0
ENSG00000182512	14	95999841	96011061	+	7711	-227661	14:95772180	14	95772180	95772180	0.0362393	0.0663793	0
ENSG00000182512	14	95999841	96011061	+	7711	-222488	14:95777353	14	95777353	95777353	0.0530041	0.0217413	0
ENSG00000182512	14	95999841	96011061	+	7711	-203637	14:95796204	14	95796204	95796204	0.0817735	0.0184962	0
ENSG00000182512	14	95999841	96011061	+	7711	-199966	14:95799875	14	95799875	95799875	0.0440612	0.0166179	0
ENSG00000182512	14	95999841	96011061	+	7711	-189977	14:95809864	14	95809864	95809864	0.0829265	-0.0165332	0
ENSG00000182512	14	95999841	96011061	+	7711	-184428	14:95815413	14	95815413	95815413	0.0968014	-0.0424541	0
ENSG00000182512	14	95999841	96011061	+	7711	-179543	14:95820298	14	95820298	95820298	0.0877164	-0.016768	0
ENSG00000182512	14	95999841	96011061	+	7711	-170233	14:95829608	14	95829608	95829608	0.082562	-0.0265543	0
ENSG00000182512	14	95999841	96011061	+	7711	-170178	14:95829663	14	95829663	95829663	0.082562	-0.0265543	0
ENSG00000182512	14	95999841	96011061	+	7711	-168454	14:95831387	14	95831387	95831387	0.0174147	-0.0551308	0
ENSG00000182512	14	95999841	96011061	+	7711	-168304	14:95831537	14	95831537	95831537	0.0176699	-0.0516025	0
ENSG00000182512	14	95999841	96011061	+	7711	-164754	14:95835087	14	95835087	95835087	0.0798571	0.0151027	0
ENSG00000182512	14	95999841	96011061	+	7711	-164083	14:95835758	14	95835758	95835758	0.0646404	0.0150117	0
ENSG00000182512	14	95999841	96011061	+	7711	-163288	14:95836553	14	95836553	95836553	0.0176699	-0.0516025	0
ENSG00000182512	14	95999841	96011061	+	7711	-162086	14:95837755	14	95837755	95837755	0.0190096	0.0408528	0
ENSG00000182512	14	95999841	96011061	+	7711	-161440	14:95838401	14	95838401	95838401	0.028991	0.0283199	0
ENSG00000182512	14	95999841	96011061	+	7711	-160409	14:95839432	14	95839432	95839432	0.0367468	0.017771	0
ENSG00000182512	14	95999841	96011061	+	7711	-159720	14:95840121	14	95840121	95840121	0.0648886	-0.0202486	0
ENSG00000182512	14	95999841	96011061	+	7711	-159363	14:95840478	14	95840478	95840478	0.0583074	-0.0207081	0
ENSG00000182512	14	95999841	96011061	+	7711	-158826	14:95841015	14	95841015	95841015	0.0765056	-0.0187785	0
ENSG00000182512	14	95999841	96011061	+	7711	-156366	14:95843475	14	95843475	95843475	0.0236537	-0.0232561	0
ENSG00000182512	14	95999841	96011061	+	7711	-155616	14:95844225	14	95844225	95844225	0.0471273	-0.0217371	0
ENSG00000182512	14	95999841	96011061	+	7711	-154392	14:95845449	14	95845449	95845449	0.0813508	-0.0194391	0
ENSG00000182512	14	95999841	96011061	+	7711	-154269	14:95845572	14	95845572	95845572	0.0937829	-0.0184683	0
ENSG00000182512	14	95999841	96011061	+	7711	-154148	14:95845693	14	95845693	95845693	0.0813508	-0.0194391	0
ENSG00000182512	14	95999841	96011061	+	7711	-154052	14:95845789	14	95845789	95845789	0.0813508	-0.0194391	0
ENSG00000182512	14	95999841	96011061	+	7711	-152650	14:95847191	14	95847191	95847191	0.0619964	-0.0214136	0
ENSG00000182512	14	95999841	96011061	+	7711	-150211	14:95849630	14	95849630	95849630	0.0619964	-0.0214136	0
ENSG00000182512	14	95999841	96011061	+	7711	-148276	14:95851565	14	95851565	95851565	0.0577005	-0.0212642	0
ENSG00000182512	14	95999841	96011061	+	7711	-148098	14:95851743	14	95851743	95851743	0.0635868	-0.0220831	0
ENSG00000182512	14	95999841	96011061	+	7711	-148001	14:95851840	14	95851840	95851840	0.077164	-0.0200263	0
ENSG00000182512	14	95999841	96011061	+	7711	-134863	14:95864978	14	95864978	95864978	0.0876814	-0.0203825	0
ENSG00000182512	14	95999841	96011061	+	7711	-133079	14:95866762	14	95866762	95866762	0.0262745	0.0579977	0
ENSG00000182512	14	95999841	96011061	+	7711	-132986	14:95866855	14	95866855	95866855	0.0486928	-0.0193113	0
ENSG00000182512	14	95999841	96011061	+	7711	-132681	14:95867160	14	95867160	95867160	0.0594181	0.0264046	0
ENSG00000182512	14	95999841	96011061	+	7711	-132447	14:95867394	14	95867394	95867394	0.0572811	-0.0187749	0
ENSG00000182512	14	95999841	96011061	+	7711	-130903	14:95868938	14	95868938	95868938	0.0710222	0.0179244	0
ENSG00000182512	14	95999841	96011061	+	7711	-128747	14:95871094	14	95871094	95871094	0.0833068	0.0169129	0
ENSG00000182512	14	95999841	96011061	+	7711	-121882	14:95877959	14	95877959	95877959	0.0271148	0.0207709	0
ENSG00000182512	14	95999841	96011061	+	7711	-121834	14:95878007	14	95878007	95878007	0.0347767	0.0195931	0
ENSG00000182512	14	95999841	96011061	+	7711	-121786	14:95878055	14	95878055	95878055	0.0271148	0.0207709	0
ENSG00000182512	14	95999841	96011061	+	7711	-121618	14:95878223	14	95878223	95878223	0.0499217	-0.0165306	0
ENSG00000182512	14	95999841	96011061	+	7711	-121433	14:95878408	14	95878408	95878408	0.0383462	0.0192252	0
ENSG00000182512	14	95999841	96011061	+	7711	-121412	14:95878429	14	95878429	95878429	0.0383462	0.0192252	0
ENSG00000182512	14	95999841	96011061	+	7711	-121374	14:95878467	14	95878467	95878467	0.0383462	0.0192252	0
ENSG00000182512	14	95999841	96011061	+	7711	-121078	14:95878763	14	95878763	95878763	0.0347767	0.0195931	0
ENSG00000182512	14	95999841	96011061	+	7711	-121041	14:95878800	14	95878800	95878800	0.0347767	0.0195931	0
ENSG00000182512	14	95999841	96011061	+	7711	-120952	14:95878889	14	95878889	95878889	0.0347767	0.0195931	0
ENSG00000182512	14	95999841	96011061	+	7711	-120386	14:95879455	14	95879455	95879455	0.0347767	0.0195931	0
ENSG00000182512	14	95999841	96011061	+	7711	-120278	14:95879563	14	95879563	95879563	0.0347767	0.0195931	0
ENSG00000182512	14	95999841	96011061	+	7711	-120121	14:95879720	14	95879720	95879720	0.0321276	0.0211823	0
ENSG00000182512	14	95999841	96011061	+	7711	-119722	14:95880119	14	95880119	95880119	0.0241304	0.0226551	0
ENSG00000182512	14	95999841	96011061	+	7711	-103944	14:95895897	14	95895897	95895897	0.0225339	-0.0895812	0
ENSG00000182512	14	95999841	96011061	+	7711	-101490	14:95898351	14	95898351	95898351	0.0664237	0.0378227	0
ENSG00000182512	14	95999841	96011061	+	7711	-101166	14:95898675	14	95898675	95898675	0.0933034	-0.0144983	0
ENSG00000182512	14	95999841	96011061	+	7711	-98630	14:95901211	14	95901211	95901211	0.00354337	-0.042347	0
ENSG00000182512	14	95999841	96011061	+	7711	-97147	14:95902694	14	95902694	95902694	0.00903689	-0.097281	0
ENSG00000182512	14	95999841	96011061	+	7711	-96956	14:95902885	14	95902885	95902885	0.0110948	-0.0365365	0
ENSG00000182512	14	95999841	96011061	+	7711	-96102	14:95903739	14	95903739	95903739	0.0850861	0.0142088	0
ENSG00000182512	14	95999841	96011061	+	7711	-94080	14:95905761	14	95905761	95905761	0.00690629	-0.0688731	0
ENSG00000182512	14	95999841	96011061	+	7711	-93818	14:95906023	14	95906023	95906023	0.0172452	-0.0322671	0
ENSG00000182512	14	95999841	96011061	+	7711	-91822	14:95908019	14	95908019	95908019	0.0854182	-0.0278602	0
ENSG00000182512	14	95999841	96011061	+	7711	-91105	14:95908736	14	95908736	95908736	0.0377615	-0.0201331	0
ENSG00000182512	14	95999841	96011061	+	7711	-80693	14:95919148	14	95919148	95919148	0.0796443	-0.0235833	0
ENSG00000182512	14	95999841	96011061	+	7711	-80688	14:95919153	14	95919153	95919153	0.0921686	-0.0227552	0
ENSG00000182512	14	95999841	96011061	+	7711	-80307	14:95919534	14	95919534	95919534	0.0796443	-0.0235833	0
ENSG00000182512	14	95999841	96011061	+	7711	-80260	14:95919581	14	95919581	95919581	0.0796443	-0.0235833	0
ENSG00000182512	14	95999841	96011061	+	7711	-80257	14:95919584	14	95919584	95919584	0.0796443	-0.0235833	0
ENSG00000182512	14	95999841	96011061	+	7711	-80194	14:95919647	14	95919647	95919647	0.0796443	-0.0235833	0
ENSG00000182512	14	95999841	96011061	+	7711	-80174	14:95919667	14	95919667	95919667	0.0941668	-0.0231248	0
ENSG00000182512	14	95999841	96011061	+	7711	-72428	14:95927413	14	95927413	95927413	0.066417	-0.0308319	0
ENSG00000182512	14	95999841	96011061	+	7711	-72385	14:95927456	14	95927456	95927456	0.0332043	-0.0354731	0
ENSG00000182512	14	95999841	96011061	+	7711	-70720	14:95929121	14	95929121	95929121	0.0952235	0.041771	0
ENSG00000182512	14	95999841	96011061	+	7711	-68587	14:95931254	14	95931254	95931254	0.0705401	-0.0144865	0
ENSG00000182512	14	95999841	96011061	+	7711	-64939	14:95934902	14	95934902	95934902	0.0646819	-0.0148568	0
ENSG00000182512	14	95999841	96011061	+	7711	-59247	14:95940594	14	95940594	95940594	0.0475401	-0.0506223	0
ENSG00000182512	14	95999841	96011061	+	7711	-58813	14:95941028	14	95941028	95941028	0.0475401	-0.0506223	0
ENSG00000182512	14	95999841	96011061	+	7711	-57918	14:95941923	14	95941923	95941923	0.0475401	-0.0506223	0
ENSG00000182512	14	95999841	96011061	+	7711	-57874	14:95941967	14	95941967	95941967	0.0475401	-0.0506223	0
ENSG00000182512	14	95999841	96011061	+	7711	-51682	14:95948159	14	95948159	95948159	0.0592302	0.0428475	0
ENSG00000182512	14	95999841	96011061	+	7711	-51381	14:95948460	14	95948460	95948460	0.0312703	-0.0187869	0
ENSG00000182512	14	95999841	96011061	+	7711	-51210	14:95948631	14	95948631	95948631	0.0876566	-0.0389992	0
ENSG00000182512	14	95999841	96011061	+	7711	-50684	14:95949157	14	95949157	95949157	0.0856714	-0.0331837	0
ENSG00000182512	14	95999841	96011061	+	7711	-48958	14:95950883	14	95950883	95950883	0.0491994	0.0157461	0
ENSG00000182512	14	95999841	96011061	+	7711	-48352	14:95951489	14	95951489	95951489	0.0854454	-0.0399422	0
ENSG00000182512	14	95999841	96011061	+	7711	-46867	14:95952974	14	95952974	95952974	0.00510363	0.023009	0
ENSG00000182512	14	95999841	96011061	+	7711	-43536	14:95956305	14	95956305	95956305	0.0955976	0.0406987	0
ENSG00000182512	14	95999841	96011061	+	7711	-43269	14:95956572	14	95956572	95956572	0.00902372	0.0214952	0
ENSG00000182512	14	95999841	96011061	+	7711	-42747	14:95957094	14	95957094	95957094	0.0880639	0.0560854	0
ENSG00000182512	14	95999841	96011061	+	7711	-41839	14:95958002	14	95958002	95958002	0.0790285	-0.0600281	0
ENSG00000182512	14	95999841	96011061	+	7711	-40442	14:95959399	14	95959399	95959399	0.0790285	-0.0600281	0
ENSG00000182512	14	95999841	96011061	+	7711	-39863	14:95959978	14	95959978	95959978	0.0790285	-0.0600281	0
ENSG00000182512	14	95999841	96011061	+	7711	-38842	14:95960999	14	95960999	95960999	0.0017894	0.0258168	0
ENSG00000182512	14	95999841	96011061	+	7711	-38745	14:95961096	14	95961096	95961096	0.0790285	-0.0600281	0
ENSG00000182512	14	95999841	96011061	+	7711	-38468	14:95961373	14	95961373	95961373	0.0017894	0.0258168	0
ENSG00000182512	14	95999841	96011061	+	7711	-37998	14:95961843	14	95961843	95961843	0.0017894	0.0258168	0
ENSG00000182512	14	95999841	96011061	+	7711	-37996	14:95961845	14	95961845	95961845	0.0017894	0.0258168	0
ENSG00000182512	14	95999841	96011061	+	7711	-37854	14:95961987	14	95961987	95961987	0.0888722	-0.0160334	0
ENSG00000182512	14	95999841	96011061	+	7711	-37637	14:95962204	14	95962204	95962204	0.00174056	0.0259199	0
ENSG00000182512	14	95999841	96011061	+	7711	-37599	14:95962242	14	95962242	95962242	0.00220974	0.025434	0
ENSG00000182512	14	95999841	96011061	+	7711	-37214	14:95962627	14	95962627	95962627	0.00220974	0.025434	0
ENSG00000182512	14	95999841	96011061	+	7711	-37028	14:95962813	14	95962813	95962813	0.00220974	0.025434	0
ENSG00000182512	14	95999841	96011061	+	7711	-37021	14:95962820	14	95962820	95962820	0.0790285	-0.0600281	0
ENSG00000182512	14	95999841	96011061	+	7711	-36976	14:95962865	14	95962865	95962865	0.00220974	0.025434	0
ENSG00000182512	14	95999841	96011061	+	7711	-36853	14:95962988	14	95962988	95962988	0.00220974	0.025434	0
ENSG00000182512	14	95999841	96011061	+	7711	-36721	14:95963120	14	95963120	95963120	0.00284363	0.0247714	0
ENSG00000182512	14	95999841	96011061	+	7711	-36653	14:95963188	14	95963188	95963188	0.00289319	0.0244947	0
ENSG00000182512	14	95999841	96011061	+	7711	-36614	14:95963227	14	95963227	95963227	0.00289319	0.0244947	0
ENSG00000182512	14	95999841	96011061	+	7711	-36603	14:95963238	14	95963238	95963238	0.00289319	0.0244947	0
ENSG00000182512	14	95999841	96011061	+	7711	-36062	14:95963779	14	95963779	95963779	0.00220974	0.025434	0
ENSG00000182512	14	95999841	96011061	+	7711	-35922	14:95963919	14	95963919	95963919	0.0790285	-0.0600281	0
ENSG00000182512	14	95999841	96011061	+	7711	-35819	14:95964022	14	95964022	95964022	0.00220974	0.025434	0
ENSG00000182512	14	95999841	96011061	+	7711	-34369	14:95965472	14	95965472	95965472	0.00347198	0.0232022	0
ENSG00000182512	14	95999841	96011061	+	7711	-33398	14:95966443	14	95966443	95966443	0.0790285	-0.0600281	0
ENSG00000182512	14	95999841	96011061	+	7711	-33220	14:95966621	14	95966621	95966621	0.0790285	-0.0600281	0
ENSG00000182512	14	95999841	96011061	+	7711	-33074	14:95966767	14	95966767	95966767	0.0877506	-0.0168264	0
ENSG00000182512	14	95999841	96011061	+	7711	-31783	14:95968058	14	95968058	95968058	0.0124726	0.0228767	0
ENSG00000182512	14	95999841	96011061	+	7711	-29384	14:95970457	14	95970457	95970457	0.0790285	-0.0600281	0
ENSG00000182512	14	95999841	96011061	+	7711	-26231	14:95973610	14	95973610	95973610	0.0804107	-0.0149045	0
ENSG00000182512	14	95999841	96011061	+	7711	-24426	14:95975415	14	95975415	95975415	0.0766218	-0.015156	0
ENSG00000182512	14	95999841	96011061	+	7711	-17640	14:95982201	14	95982201	95982201	0.0459735	-0.0408975	0
ENSG00000182512	14	95999841	96011061	+	7711	-17204	14:95982637	14	95982637	95982637	0.0829575	0.033474	0
ENSG00000182512	14	95999841	96011061	+	7711	-16511	14:95983330	14	95983330	95983330	0.0691662	0.0346962	0
ENSG00000182512	14	95999841	96011061	+	7711	-16372	14:95983469	14	95983469	95983469	0.0459735	-0.0408975	0
ENSG00000182512	14	95999841	96011061	+	7711	-16306	14:95983535	14	95983535	95983535	0.0459735	-0.0408975	0
ENSG00000182512	14	95999841	96011061	+	7711	-16152	14:95983689	14	95983689	95983689	0.0199992	-0.0470288	0
ENSG00000182512	14	95999841	96011061	+	7711	-11463	14:95988378	14	95988378	95988378	0.0199992	-0.0470288	0
ENSG00000182512	14	95999841	96011061	+	7711	-11374	14:95988467	14	95988467	95988467	0.0470854	-0.0350337	0
ENSG00000182512	14	95999841	96011061	+	7711	-10737	14:95989104	14	95989104	95989104	0.0121311	-0.0553648	0
ENSG00000182512	14	95999841	96011061	+	7711	-9196	14:95990645	14	95990645	95990645	0.0874467	0.0316292	0
ENSG00000182512	14	95999841	96011061	+	7711	-7945	14:95991896	14	95991896	95991896	0.0437145	0.0298218	0
ENSG00000182512	14	95999841	96011061	+	7711	-7410	14:95992431	14	95992431	95992431	8.58E-06	-0.0402729	0
ENSG00000182512	14	95999841	96011061	+	7711	-7181	14:95992660	14	95992660	95992660	0.00114508	0.0269185	0
ENSG00000182512	14	95999841	96011061	+	7711	-7175	14:95992666	14	95992666	95992666	0.0333013	0.0209744	0
ENSG00000182512	14	95999841	96011061	+	7711	-7064	14:95992777	14	95992777	95992777	1.01E-05	-0.0410609	0
ENSG00000182512	14	95999841	96011061	+	7711	-7055	14:95992786	14	95992786	95992786	0.00836605	0.0238636	0
ENSG00000182512	14	95999841	96011061	+	7711	-6738	14:95993103	14	95993103	95993103	7.37E-05	0.0328822	0
ENSG00000182512	14	95999841	96011061	+	7711	-6455	14:95993386	14	95993386	95993386	2.10E-05	0.0348219	0
ENSG00000182512	14	95999841	96011061	+	7711	-6246	14:95993595	14	95993595	95993595	2.79E-05	0.0343129	0
ENSG00000182512	14	95999841	96011061	+	7711	-4033	14:95995808	14	95995808	95995808	0.0245861	0.0214212	0
ENSG00000182512	14	95999841	96011061	+	7711	-3445	14:95996396	14	95996396	95996396	1.52E-06	-0.0558587	0
ENSG00000182512	14	95999841	96011061	+	7711	-3350	14:95996491	14	95996491	95996491	2.79E-05	0.0343129	0
ENSG00000182512	14	95999841	96011061	+	7711	-3019	14:95996822	14	95996822	95996822	3.20E-05	0.0341236	0
ENSG00000182512	14	95999841	96011061	+	7711	-2304	14:95997537	14	95997537	95997537	1.70E-05	0.0352471	0
ENSG00000182512	14	95999841	96011061	+	7711	-1846	14:95997995	14	95997995	95997995	2.10E-05	0.0348219	0
ENSG00000182512	14	95999841	96011061	+	7711	-1477	14:95998364	14	95998364	95998364	1.31E-05	0.0354891	0
ENSG00000182512	14	95999841	96011061	+	7711	-1475	14:95998366	14	95998366	95998366	1.31E-05	0.0354891	0
ENSG00000182512	14	95999841	96011061	+	7711	-1377	14:95998464	14	95998464	95998464	9.54E-06	0.0363038	0
ENSG00000182512	14	95999841	96011061	+	7711	-1244	14:95998597	14	95998597	95998597	0.00339779	0.0302539	0
ENSG00000182512	14	95999841	96011061	+	7711	-1075	14:95998766	14	95998766	95998766	2.10E-05	0.0348219	0
ENSG00000182512	14	95999841	96011061	+	7711	-427	14:95999414	14	95999414	95999414	2.10E-05	0.0348219	0
ENSG00000182512	14	95999841	96011061	+	7711	-21	14:95999820	14	95999820	95999820	1.70E-05	0.0352471	0
ENSG00000182512	14	95999841	96011061	+	7711	0	14:96000090	14	96000090	96000090	1.26E-05	-0.0398111	0
ENSG00000182512	14	95999841	96011061	+	7711	0	14:96000890	14	96000890	96000890	1.85E-05	-0.0392517	0
ENSG00000182512	14	95999841	96011061	+	7711	0	14:96001150	14	96001150	96001150	0.0159832	0.0502296	0
ENSG00000182512	14	95999841	96011061	+	7711	0	14:96001383	14	96001383	96001383	2.60E-05	0.034547	0
ENSG00000182512	14	95999841	96011061	+	7711	0	14:96002032	14	96002032	96002032	0.00274456	0.029962	0
ENSG00000182512	14	95999841	96011061	+	7711	0	14:96002227	14	96002227	96002227	0.0703656	0.0211082	0
ENSG00000182512	14	95999841	96011061	+	7711	0	14:96002509	14	96002509	96002509	3.67E-07	-0.0432699	0
ENSG00000182512	14	95999841	96011061	+	7711	0	14:96002708	14	96002708	96002708	9.17E-05	0.0315231	0
ENSG00000182512	14	95999841	96011061	+	7711	0	14:96003069	14	96003069	96003069	0.0110055	0.026045	0
ENSG00000182512	14	95999841	96011061	+	7711	0	14:96003075	14	96003075	96003075	1.73E-06	-0.0596659	0
ENSG00000182512	14	95999841	96011061	+	7711	0	14:96003198	14	96003198	96003198	0.00866753	-0.0251554	0
ENSG00000182512	14	95999841	96011061	+	7711	0	14:96003574	14	96003574	96003574	0.0141009	-0.0354979	0
ENSG00000182512	14	95999841	96011061	+	7711	0	14:96003751	14	96003751	96003751	0.00810138	0.0470526	0
ENSG00000182512	14	95999841	96011061	+	7711	0	14:96003881	14	96003881	96003881	0.016696	-0.0351742	0
ENSG00000182512	14	95999841	96011061	+	7711	0	14:96004346	14	96004346	96004346	0.016696	-0.0351742	0
ENSG00000182512	14	95999841	96011061	+	7711	0	14:96004470	14	96004470	96004470	0.0123464	-0.036562	0
ENSG00000182512	14	95999841	96011061	+	7711	0	14:96004958	14	96004958	96004958	0.016696	-0.0351742	0
ENSG00000182512	14	95999841	96011061	+	7711	0	14:96005059	14	96005059	96005059	0.0501475	-0.0669136	0
ENSG00000182512	14	95999841	96011061	+	7711	0	14:96006796	14	96006796	96006796	0.0783187	0.0431947	0
ENSG00000182512	14	95999841	96011061	+	7711	0	14:96007810	14	96007810	96007810	0.000303787	0.029125	0
ENSG00000182512	14	95999841	96011061	+	7711	0	14:96008021	14	96008021	96008021	0.00515438	-0.0283672	0
ENSG00000182512	14	95999841	96011061	+	7711	0	14:96008866	14	96008866	96008866	7.71E-08	-0.052138	1
ENSG00000182512	14	95999841	96011061	+	7711	0	14:96009307	14	96009307	96009307	0.00358052	-0.0236909	0
ENSG00000182512	14	95999841	96011061	+	7711	0	14:96009748	14	96009748	96009748	0.0684483	0.0183252	0
ENSG00000182512	14	95999841	96011061	+	7711	0	14:96009962	14	96009962	96009962	0.00358052	-0.0236909	0
ENSG00000182512	14	95999841	96011061	+	7711	0	14:96010424	14	96010424	96010424	3.43E-06	-0.0556493	0
ENSG00000182512	14	95999841	96011061	+	7711	0	14:96010589	14	96010589	96010589	0.00358052	-0.0236909	0
ENSG00000182512	14	95999841	96011061	+	7711	0	14:96010866	14	96010866	96010866	0.0431551	-0.033104	0
ENSG00000182512	14	95999841	96011061	+	7711	0	14:96010929	14	96010929	96010929	0.00808137	0.0375385	0
ENSG00000182512	14	95999841	96011061	+	7711	100	14:96011161	14	96011161	96011161	0.00358052	-0.0236909	0
ENSG00000182512	14	95999841	96011061	+	7711	314	14:96011375	14	96011375	96011375	0.0431551	-0.033104	0
ENSG00000182512	14	95999841	96011061	+	7711	381	14:96011442	14	96011442	96011442	3.43E-06	-0.0556493	0
ENSG00000182512	14	95999841	96011061	+	7711	446	14:96011507	14	96011507	96011507	0.0564822	0.0191714	0
ENSG00000182512	14	95999841	96011061	+	7711	474	14:96011535	14	96011535	96011535	0.0564822	0.0191714	0
ENSG00000182512	14	95999841	96011061	+	7711	584	14:96011645	14	96011645	96011645	3.43E-06	-0.0556493	0
ENSG00000182512	14	95999841	96011061	+	7711	704	14:96011765	14	96011765	96011765	0.0564822	0.0191714	0
ENSG00000182512	14	95999841	96011061	+	7711	709	14:96011770	14	96011770	96011770	0.00119305	0.0266943	0
ENSG00000182512	14	95999841	96011061	+	7711	762	14:96011823	14	96011823	96011823	0.0564822	0.0191714	0
ENSG00000182512	14	95999841	96011061	+	7711	1228	14:96012289	14	96012289	96012289	0.00114071	0.026755	0
ENSG00000182512	14	95999841	96011061	+	7711	1404	14:96012465	14	96012465	96012465	3.43E-06	-0.0556493	0
ENSG00000182512	14	95999841	96011061	+	7711	1833	14:96012894	14	96012894	96012894	0.00810138	0.0470526	0
ENSG00000182512	14	95999841	96011061	+	7711	1949	14:96013010	14	96013010	96013010	0.0564822	0.0191714	0
ENSG00000182512	14	95999841	96011061	+	7711	2336	14:96013397	14	96013397	96013397	0.0866786	0.0172276	0
ENSG00000182512	14	95999841	96011061	+	7711	4466	14:96015527	14	96015527	96015527	1.08E-06	-0.0584996	0
ENSG00000182512	14	95999841	96011061	+	7711	4494	14:96015555	14	96015555	96015555	0.0672896	0.0183881	0
ENSG00000182512	14	95999841	96011061	+	7711	4619	14:96015680	14	96015680	96015680	0.0672896	0.0183881	0
ENSG00000182512	14	95999841	96011061	+	7711	4838	14:96015899	14	96015899	96015899	0.0517337	-0.0323391	0
ENSG00000182512	14	95999841	96011061	+	7711	4896	14:96015957	14	96015957	96015957	0.0672896	0.0183881	0
ENSG00000182512	14	95999841	96011061	+	7711	5074	14:96016135	14	96016135	96016135	0.00237264	-0.0493837	0
ENSG00000182512	14	95999841	96011061	+	7711	5532	14:96016593	14	96016593	96016593	0.00661441	0.0498916	0
ENSG00000182512	14	95999841	96011061	+	7711	5735	14:96016796	14	96016796	96016796	0.0531698	-0.018186	0
ENSG00000182512	14	95999841	96011061	+	7711	6560	14:96017621	14	96017621	96017621	0.0907972	-0.0294502	0
ENSG00000182512	14	95999841	96011061	+	7711	6991	14:96018052	14	96018052	96018052	0.0385424	-0.017256	0
ENSG00000182512	14	95999841	96011061	+	7711	7015	14:96018076	14	96018076	96018076	0.0907972	-0.0294502	0
ENSG00000182512	14	95999841	96011061	+	7711	7205	14:96018266	14	96018266	96018266	0.00529121	-0.0226421	0
ENSG00000182512	14	95999841	96011061	+	7711	8150	14:96019211	14	96019211	96019211	0.00529121	-0.0226421	0
ENSG00000182512	14	95999841	96011061	+	7711	8236	14:96019297	14	96019297	96019297	0.00529121	-0.0226421	0
ENSG00000182512	14	95999841	96011061	+	7711	8270	14:96019331	14	96019331	96019331	0.00529121	-0.0226421	0
ENSG00000182512	14	95999841	96011061	+	7711	8476	14:96019537	14	96019537	96019537	0.0907972	-0.0294502	0
ENSG00000182512	14	95999841	96011061	+	7711	9003	14:96020064	14	96020064	96020064	0.00553411	-0.0224547	0
ENSG00000182512	14	95999841	96011061	+	7711	9012	14:96020073	14	96020073	96020073	0.0398654	-0.0170747	0
ENSG00000182512	14	95999841	96011061	+	7711	10219	14:96021280	14	96021280	96021280	0.00689449	-0.0219227	0
ENSG00000182512	14	95999841	96011061	+	7711	10375	14:96021436	14	96021436	96021436	0.0193086	-0.0226057	0
ENSG00000182512	14	95999841	96011061	+	7711	11240	14:96022301	14	96022301	96022301	0.0961062	0.0400616	0
ENSG00000182512	14	95999841	96011061	+	7711	11956	14:96023017	14	96023017	96023017	0.00689449	-0.0219227	0
ENSG00000182512	14	95999841	96011061	+	7711	14374	14:96025435	14	96025435	96025435	0.0921031	0.0384648	0
ENSG00000182512	14	95999841	96011061	+	7711	18185	14:96029246	14	96029246	96029246	0.0442082	0.0444727	0
ENSG00000182512	14	95999841	96011061	+	7711	23598	14:96034659	14	96034659	96034659	0.0368529	0.0476234	0
ENSG00000182512	14	95999841	96011061	+	7711	27990	14:96039051	14	96039051	96039051	0.0736567	-0.0294437	0
ENSG00000182512	14	95999841	96011061	+	7711	28112	14:96039173	14	96039173	96039173	0.0736567	-0.0294437	0
ENSG00000182512	14	95999841	96011061	+	7711	29129	14:96040190	14	96040190	96040190	0.0736567	-0.0294437	0
ENSG00000182512	14	95999841	96011061	+	7711	31986	14:96043047	14	96043047	96043047	0.0736567	-0.0294437	0
ENSG00000182512	14	95999841	96011061	+	7711	32323	14:96043384	14	96043384	96043384	0.0618354	-0.0305097	0
ENSG00000182512	14	95999841	96011061	+	7711	32511	14:96043572	14	96043572	96043572	0.0736567	-0.0294437	0
ENSG00000182512	14	95999841	96011061	+	7711	33032	14:96044093	14	96044093	96044093	0.0736567	-0.0294437	0
ENSG00000182512	14	95999841	96011061	+	7711	36486	14:96047547	14	96047547	96047547	0.0736567	-0.0294437	0
ENSG00000182512	14	95999841	96011061	+	7711	39829	14:96050890	14	96050890	96050890	0.0736567	-0.0294437	0
ENSG00000182512	14	95999841	96011061	+	7711	40924	14:96051985	14	96051985	96051985	0.00580706	-0.0516966	0
ENSG00000182512	14	95999841	96011061	+	7711	41259	14:96052320	14	96052320	96052320	0.0940234	0.0139562	0
ENSG00000182512	14	95999841	96011061	+	7711	41390	14:96052451	14	96052451	96052451	0.00339441	-0.0543165	0
ENSG00000182512	14	95999841	96011061	+	7711	41834	14:96052895	14	96052895	96052895	0.00339441	-0.0543165	0
ENSG00000182512	14	95999841	96011061	+	7711	42577	14:96053638	14	96053638	96053638	0.00339441	-0.0543165	0
ENSG00000182512	14	95999841	96011061	+	7711	43026	14:96054087	14	96054087	96054087	0.00364468	-0.0533791	0
ENSG00000182512	14	95999841	96011061	+	7711	43136	14:96054197	14	96054197	96054197	0.00339441	-0.0543165	0
ENSG00000182512	14	95999841	96011061	+	7711	43517	14:96054578	14	96054578	96054578	0.00339441	-0.0543165	0
ENSG00000182512	14	95999841	96011061	+	7711	44406	14:96055467	14	96055467	96055467	0.00339441	-0.0543165	0
ENSG00000182512	14	95999841	96011061	+	7711	44503	14:96055564	14	96055564	96055564	0.00339441	-0.0543165	0
ENSG00000182512	14	95999841	96011061	+	7711	45394	14:96056455	14	96056455	96056455	0.00339441	-0.0543165	0
ENSG00000182512	14	95999841	96011061	+	7711	46929	14:96057990	14	96057990	96057990	0.00364468	-0.0533791	0
ENSG00000182512	14	95999841	96011061	+	7711	47095	14:96058156	14	96058156	96058156	0.0964465	0.013926	0
ENSG00000182512	14	95999841	96011061	+	7711	47917	14:96058978	14	96058978	96058978	0.00339441	-0.0543165	0
ENSG00000182512	14	95999841	96011061	+	7711	48969	14:96060030	14	96060030	96060030	0.00339441	-0.0543165	0
ENSG00000182512	14	95999841	96011061	+	7711	49970	14:96061031	14	96061031	96061031	0.00339441	-0.0543165	0
ENSG00000182512	14	95999841	96011061	+	7711	49986	14:96061047	14	96061047	96061047	0.00339441	-0.0543165	0
ENSG00000182512	14	95999841	96011061	+	7711	50639	14:96061700	14	96061700	96061700	0.00339441	-0.0543165	0
ENSG00000182512	14	95999841	96011061	+	7711	51488	14:96062549	14	96062549	96062549	0.00339441	-0.0543165	0
ENSG00000182512	14	95999841	96011061	+	7711	52764	14:96063825	14	96063825	96063825	0.0158728	-0.0427342	0
ENSG00000182512	14	95999841	96011061	+	7711	53620	14:96064681	14	96064681	96064681	0.000418084	-0.0624953	0
ENSG00000182512	14	95999841	96011061	+	7711	56171	14:96067232	14	96067232	96067232	0.00028387	-0.0692419	0
ENSG00000182512	14	95999841	96011061	+	7711	56295	14:96067356	14	96067356	96067356	0.0348239	0.0538993	0
ENSG00000182512	14	95999841	96011061	+	7711	56853	14:96067914	14	96067914	96067914	0.00028387	-0.0692419	0
ENSG00000182512	14	95999841	96011061	+	7711	58474	14:96069535	14	96069535	96069535	0.0744859	-0.014893	0
ENSG00000182512	14	95999841	96011061	+	7711	59145	14:96070206	14	96070206	96070206	0.0798323	-0.0149349	0
ENSG00000182512	14	95999841	96011061	+	7711	60340	14:96071401	14	96071401	96071401	0.00028387	-0.0692419	0
ENSG00000182512	14	95999841	96011061	+	7711	60813	14:96071874	14	96071874	96071874	0.00028387	-0.0692419	0
ENSG00000182512	14	95999841	96011061	+	7711	61226	14:96072287	14	96072287	96072287	0.00028387	-0.0692419	0
ENSG00000182512	14	95999841	96011061	+	7711	63031	14:96074092	14	96074092	96074092	0.00028387	-0.0692419	0
ENSG00000182512	14	95999841	96011061	+	7711	71496	14:96082557	14	96082557	96082557	0.083164	0.0433714	0
ENSG00000182512	14	95999841	96011061	+	7711	76170	14:96087231	14	96087231	96087231	0.000110971	-0.0744748	0
ENSG00000182512	14	95999841	96011061	+	7711	77507	14:96088568	14	96088568	96088568	0.0123757	-0.0721345	0
ENSG00000182512	14	95999841	96011061	+	7711	80299	14:96091360	14	96091360	96091360	0.00919839	-0.0926545	0
ENSG00000182512	14	95999841	96011061	+	7711	91277	14:96102338	14	96102338	96102338	0.0829824	0.0344996	0
ENSG00000182512	14	95999841	96011061	+	7711	104652	14:96115713	14	96115713	96115713	0.000737508	-0.065915	0
ENSG00000182512	14	95999841	96011061	+	7711	107223	14:96118284	14	96118284	96118284	0.000737508	-0.065915	0
ENSG00000182512	14	95999841	96011061	+	7711	107469	14:96118530	14	96118530	96118530	0.0616289	0.0467704	0
ENSG00000182512	14	95999841	96011061	+	7711	112159	14:96123220	14	96123220	96123220	0.0547891	0.047104	0
ENSG00000182512	14	95999841	96011061	+	7711	119894	14:96130955	14	96130955	96130955	0.085255	-0.0261749	0
ENSG00000182512	14	95999841	96011061	+	7711	119997	14:96131058	14	96131058	96131058	0.0325579	-0.0321147	0
ENSG00000182512	14	95999841	96011061	+	7711	121223	14:96132284	14	96132284	96132284	0.0404169	-0.0311565	0
ENSG00000182512	14	95999841	96011061	+	7711	121434	14:96132495	14	96132495	96132495	0.036546	-0.0315984	0
ENSG00000182512	14	95999841	96011061	+	7711	124055	14:96135116	14	96135116	96135116	0.036546	-0.0315984	0
ENSG00000182512	14	95999841	96011061	+	7711	125714	14:96136775	14	96136775	96136775	0.0629018	-0.025043	0
ENSG00000182512	14	95999841	96011061	+	7711	125733	14:96136794	14	96136794	96136794	0.060403	-0.0192765	0
ENSG00000182512	14	95999841	96011061	+	7711	128946	14:96140007	14	96140007	96140007	0.0988918	-0.0176456	0
ENSG00000182512	14	95999841	96011061	+	7711	130581	14:96141642	14	96141642	96141642	0.099173	0.0451904	0
ENSG00000182512	14	95999841	96011061	+	7711	131437	14:96142498	14	96142498	96142498	0.099173	0.0451904	0
ENSG00000182512	14	95999841	96011061	+	7711	132131	14:96143192	14	96143192	96143192	0.099173	0.0451904	0
ENSG00000182512	14	95999841	96011061	+	7711	134317	14:96145378	14	96145378	96145378	0.0819795	0.0206653	0
ENSG00000182512	14	95999841	96011061	+	7711	134500	14:96145561	14	96145561	96145561	0.0640053	0.022174	0
ENSG00000182512	14	95999841	96011061	+	7711	134505	14:96145566	14	96145566	96145566	0.0809147	0.0504343	0
ENSG00000182512	14	95999841	96011061	+	7711	134510	14:96145571	14	96145571	96145571	0.0820963	0.0207108	0
ENSG00000182512	14	95999841	96011061	+	7711	136956	14:96148017	14	96148017	96148017	0.0455468	-0.0185684	0
ENSG00000182512	14	95999841	96011061	+	7711	138143	14:96149204	14	96149204	96149204	0.00110457	-0.0565446	0
ENSG00000182512	14	95999841	96011061	+	7711	138148	14:96149209	14	96149209	96149209	0.0104201	-0.0398409	0
ENSG00000182512	14	95999841	96011061	+	7711	140189	14:96151250	14	96151250	96151250	0.0847358	0.0136004	0
ENSG00000182512	14	95999841	96011061	+	7711	140406	14:96151467	14	96151467	96151467	0.0288636	-0.0295925	0
ENSG00000182512	14	95999841	96011061	+	7711	140953	14:96152014	14	96152014	96152014	0.0177022	-0.0392768	0
ENSG00000182512	14	95999841	96011061	+	7711	143548	14:96154609	14	96154609	96154609	0.0877621	0.0135561	0
ENSG00000182512	14	95999841	96011061	+	7711	143834	14:96154895	14	96154895	96154895	0.0465443	-0.0317841	0
ENSG00000182512	14	95999841	96011061	+	7711	144495	14:96155556	14	96155556	96155556	0.0756298	-0.0203662	0
ENSG00000182512	14	95999841	96011061	+	7711	144897	14:96155958	14	96155958	96155958	0.0293356	0.0176409	0
ENSG00000182512	14	95999841	96011061	+	7711	146633	14:96157694	14	96157694	96157694	0.0188212	-0.0445411	0
ENSG00000182512	14	95999841	96011061	+	7711	147011	14:96158072	14	96158072	96158072	0.0188212	-0.0445411	0
ENSG00000182512	14	95999841	96011061	+	7711	151357	14:96162418	14	96162418	96162418	0.00109705	-0.0678573	0
ENSG00000182512	14	95999841	96011061	+	7711	154702	14:96165763	14	96165763	96165763	0.0388264	0.0614134	0
ENSG00000182512	14	95999841	96011061	+	7711	157453	14:96168514	14	96168514	96168514	0.0486194	-0.0245218	0
ENSG00000182512	14	95999841	96011061	+	7711	157621	14:96168682	14	96168682	96168682	0.0457662	-0.0251999	0
ENSG00000182512	14	95999841	96011061	+	7711	158070	14:96169131	14	96169131	96169131	0.0754874	-0.0207357	0
ENSG00000182512	14	95999841	96011061	+	7711	158080	14:96169141	14	96169141	96169141	0.0652564	-0.0230641	0
ENSG00000182512	14	95999841	96011061	+	7711	158516	14:96169577	14	96169577	96169577	0.0754874	-0.0207357	0
ENSG00000182512	14	95999841	96011061	+	7711	158901	14:96169962	14	96169962	96169962	0.0754874	-0.0207357	0
ENSG00000182512	14	95999841	96011061	+	7711	159064	14:96170125	14	96170125	96170125	0.0548155	-0.0248264	0
ENSG00000182512	14	95999841	96011061	+	7711	160045	14:96171106	14	96171106	96171106	0.0461948	-0.0242507	0
ENSG00000182512	14	95999841	96011061	+	7711	160084	14:96171145	14	96171145	96171145	0.0540836	-0.0250645	0
ENSG00000182512	14	95999841	96011061	+	7711	160790	14:96171851	14	96171851	96171851	0.0461948	-0.0242507	0
ENSG00000182512	14	95999841	96011061	+	7711	160866	14:96171927	14	96171927	96171927	0.0461948	-0.0242507	0
ENSG00000182512	14	95999841	96011061	+	7711	161536	14:96172597	14	96172597	96172597	0.0564082	-0.0242183	0
ENSG00000182512	14	95999841	96011061	+	7711	161561	14:96172622	14	96172622	96172622	0.0564082	-0.0242183	0
ENSG00000182512	14	95999841	96011061	+	7711	163945	14:96175006	14	96175006	96175006	0.0427563	-0.0262718	0
ENSG00000182512	14	95999841	96011061	+	7711	164464	14:96175525	14	96175525	96175525	0.0427563	-0.0262718	0
ENSG00000182512	14	95999841	96011061	+	7711	164917	14:96175978	14	96175978	96175978	0.0736306	-0.0221927	0
ENSG00000182512	14	95999841	96011061	+	7711	172889	14:96183950	14	96183950	96183950	0.0156803	-0.0765195	0
ENSG00000182512	14	95999841	96011061	+	7711	201654	14:96212715	14	96212715	96212715	0.0953235	0.0161731	0
ENSG00000182512	14	95999841	96011061	+	7711	214711	14:96225772	14	96225772	96225772	0.0481856	0.0458564	0
ENSG00000182512	14	95999841	96011061	+	7711	220349	14:96231410	14	96231410	96231410	0.0704805	0.0427433	0
ENSG00000182512	14	95999841	96011061	+	7711	221598	14:96232659	14	96232659	96232659	0.0229999	0.0847996	0
ENSG00000182512	14	95999841	96011061	+	7711	229264	14:96240325	14	96240325	96240325	0.024346	0.0668981	0
ENSG00000182512	14	95999841	96011061	+	7711	234367	14:96245428	14	96245428	96245428	0.0606014	0.0668818	0
ENSG00000182512	14	95999841	96011061	+	7711	235929	14:96246990	14	96246990	96246990	0.0278815	-0.0573962	0
ENSG00000182512	14	95999841	96011061	+	7711	235931	14:96246992	14	96246992	96246992	0.0278815	-0.0573962	0
ENSG00000182512	14	95999841	96011061	+	7711	240469	14:96251530	14	96251530	96251530	0.0198502	0.0713668	0
ENSG00000182512	14	95999841	96011061	+	7711	250776	14:96261837	14	96261837	96261837	0.0893717	0.0303889	0
ENSG00000182512	14	95999841	96011061	+	7711	252358	14:96263419	14	96263419	96263419	0.0872307	0.0182169	0
ENSG00000182512	14	95999841	96011061	+	7711	254590	14:96265651	14	96265651	96265651	0.0921613	0.0179545	0
ENSG00000182512	14	95999841	96011061	+	7711	273301	14:96284362	14	96284362	96284362	0.00328352	-0.066899	0
ENSG00000182512	14	95999841	96011061	+	7711	278929	14:96289990	14	96289990	96289990	0.0984076	0.0152653	0
ENSG00000182512	14	95999841	96011061	+	7711	280031	14:96291092	14	96291092	96291092	0.0984076	0.0152653	0
ENSG00000182512	14	95999841	96011061	+	7711	280836	14:96291897	14	96291897	96291897	0.0812812	-0.0573173	0
ENSG00000182512	14	95999841	96011061	+	7711	280994	14:96292055	14	96292055	96292055	0.0984076	0.0152653	0
ENSG00000182512	14	95999841	96011061	+	7711	282917	14:96293978	14	96293978	96293978	0.0647598	0.0165957	0
ENSG00000182512	14	95999841	96011061	+	7711	284152	14:96295213	14	96295213	96295213	0.0647598	0.0165957	0
ENSG00000182512	14	95999841	96011061	+	7711	284441	14:96295502	14	96295502	96295502	0.0647598	0.0165957	0
ENSG00000182512	14	95999841	96011061	+	7711	285003	14:96296064	14	96296064	96296064	0.0647598	0.0165957	0
ENSG00000182512	14	95999841	96011061	+	7711	285356	14:96296417	14	96296417	96296417	0.0647598	0.0165957	0
ENSG00000182512	14	95999841	96011061	+	7711	285637	14:96296698	14	96296698	96296698	0.0755891	0.0159508	0
ENSG00000182512	14	95999841	96011061	+	7711	285640	14:96296701	14	96296701	96296701	0.0755891	0.0159508	0
ENSG00000182512	14	95999841	96011061	+	7711	285918	14:96296979	14	96296979	96296979	0.0593314	0.0168818	0
ENSG00000182512	14	95999841	96011061	+	7711	285963	14:96297024	14	96297024	96297024	0.0593314	0.0168818	0
ENSG00000182512	14	95999841	96011061	+	7711	285998	14:96297059	14	96297059	96297059	0.0593314	0.0168818	0
ENSG00000182512	14	95999841	96011061	+	7711	286000	14:96297061	14	96297061	96297061	0.0828175	0.0303561	0
ENSG00000182512	14	95999841	96011061	+	7711	286084	14:96297145	14	96297145	96297145	0.0647598	0.0165957	0
ENSG00000182512	14	95999841	96011061	+	7711	286246	14:96297307	14	96297307	96297307	0.0647598	0.0165957	0
ENSG00000182512	14	95999841	96011061	+	7711	287310	14:96298371	14	96298371	96298371	0.0449474	0.0182529	0
ENSG00000182512	14	95999841	96011061	+	7711	288182	14:96299243	14	96299243	96299243	0.0438134	0.0180766	0
ENSG00000182512	14	95999841	96011061	+	7711	288191	14:96299252	14	96299252	96299252	0.0438134	0.0180766	0
ENSG00000182512	14	95999841	96011061	+	7711	288469	14:96299530	14	96299530	96299530	0.049292	0.017669	0
ENSG00000182512	14	95999841	96011061	+	7711	288530	14:96299591	14	96299591	96299591	0.049292	0.017669	0
ENSG00000182512	14	95999841	96011061	+	7711	288682	14:96299743	14	96299743	96299743	0.049292	0.017669	0
ENSG00000182512	14	95999841	96011061	+	7711	288727	14:96299788	14	96299788	96299788	0.049292	0.017669	0
ENSG00000182512	14	95999841	96011061	+	7711	289143	14:96300204	14	96300204	96300204	0.0220087	-0.0781721	0
ENSG00000182512	14	95999841	96011061	+	7711	289622	14:96300683	14	96300683	96300683	0.00521535	-0.0598011	0
ENSG00000182512	14	95999841	96011061	+	7711	289666	14:96300727	14	96300727	96300727	0.0654471	0.0332864	0
ENSG00000182512	14	95999841	96011061	+	7711	289703	14:96300764	14	96300764	96300764	0.049292	0.017669	0
ENSG00000182512	14	95999841	96011061	+	7711	289717	14:96300778	14	96300778	96300778	0.0654471	0.0332864	0
ENSG00000182512	14	95999841	96011061	+	7711	295747	14:96306808	14	96306808	96306808	0.0455506	0.0179878	0
ENSG00000182512	14	95999841	96011061	+	7711	297002	14:96308063	14	96308063	96308063	0.0654471	0.0332864	0
ENSG00000182512	14	95999841	96011061	+	7711	297485	14:96308546	14	96308546	96308546	0.0654471	0.0332864	0
ENSG00000182512	14	95999841	96011061	+	7711	297578	14:96308639	14	96308639	96308639	0.0654471	0.0332864	0
ENSG00000182512	14	95999841	96011061	+	7711	297609	14:96308670	14	96308670	96308670	0.0654471	0.0332864	0
ENSG00000182512	14	95999841	96011061	+	7711	297633	14:96308694	14	96308694	96308694	0.0654471	0.0332864	0
ENSG00000182512	14	95999841	96011061	+	7711	297697	14:96308758	14	96308758	96308758	0.0654471	0.0332864	0
ENSG00000182512	14	95999841	96011061	+	7711	297906	14:96308967	14	96308967	96308967	0.0479965	0.0348909	0
ENSG00000182512	14	95999841	96011061	+	7711	297938	14:96308999	14	96308999	96308999	0.0578747	0.0331808	0
ENSG00000182512	14	95999841	96011061	+	7711	299084	14:96310145	14	96310145	96310145	0.0878434	0.0302968	0
ENSG00000182512	14	95999841	96011061	+	7711	299787	14:96310848	14	96310848	96310848	0.027115	-0.0480874	0
ENSG00000182512	14	95999841	96011061	+	7711	300152	14:96311213	14	96311213	96311213	0.0654471	0.0332864	0
ENSG00000182512	14	95999841	96011061	+	7711	309179	14:96320240	14	96320240	96320240	0.0433846	-0.0333446	0
ENSG00000182512	14	95999841	96011061	+	7711	314237	14:96325298	14	96325298	96325298	0.057828	-0.0315529	0
ENSG00000182512	14	95999841	96011061	+	7711	344126	14:96355187	14	96355187	96355187	0.0682912	-0.0332535	0
ENSG00000182512	14	95999841	96011061	+	7711	350277	14:96361338	14	96361338	96361338	0.0245695	0.0363666	0
ENSG00000182512	14	95999841	96011061	+	7711	354619	14:96365680	14	96365680	96365680	0.00224385	-0.0934131	0
ENSG00000182512	14	95999841	96011061	+	7711	355757	14:96366818	14	96366818	96366818	0.0773367	0.0228125	0
ENSG00000182512	14	95999841	96011061	+	7711	417775	14:96428836	14	96428836	96428836	0.0350368	0.0538366	0
ENSG00000182512	14	95999841	96011061	+	7711	431659	14:96442720	14	96442720	96442720	0.0952183	0.0446247	0
ENSG00000182512	14	95999841	96011061	+	7711	446799	14:96457860	14	96457860	96457860	0.0952183	0.0446247	0
ENSG00000182512	14	95999841	96011061	+	7711	495020	14:96506081	14	96506081	96506081	0.0520842	0.0663604	0
ENSG00000182512	14	95999841	96011061	+	7711	529203	14:96540264	14	96540264	96540264	0.0646797	0.0506118	0
ENSG00000182512	14	95999841	96011061	+	7711	547852	14:96558913	14	96558913	96558913	0.0793722	0.0262633	0
ENSG00000182512	14	95999841	96011061	+	7711	547962	14:96559023	14	96559023	96559023	0.0793722	0.0262633	0
ENSG00000182512	14	95999841	96011061	+	7711	555587	14:96566648	14	96566648	96566648	0.0618561	-0.0201904	0
ENSG00000182512	14	95999841	96011061	+	7711	555698	14:96566759	14	96566759	96566759	0.0371905	0.0391272	0
ENSG00000182512	14	95999841	96011061	+	7711	556937	14:96567998	14	96567998	96567998	0.0717507	0.0258266	0
ENSG00000182512	14	95999841	96011061	+	7711	560980	14:96572041	14	96572041	96572041	0.0527623	0.0165783	0
ENSG00000182512	14	95999841	96011061	+	7711	563876	14:96574937	14	96574937	96574937	0.0689819	0.025341	0
ENSG00000182512	14	95999841	96011061	+	7711	567169	14:96578230	14	96578230	96578230	0.0499877	0.0271822	0
ENSG00000182512	14	95999841	96011061	+	7711	567779	14:96578840	14	96578840	96578840	0.0689819	0.025341	0
ENSG00000182512	14	95999841	96011061	+	7711	571632	14:96582693	14	96582693	96582693	0.0517373	-0.0578423	0
ENSG00000182512	14	95999841	96011061	+	7711	571798	14:96582859	14	96582859	96582859	0.0975516	0.0232011	0
ENSG00000182512	14	95999841	96011061	+	7711	572813	14:96583874	14	96583874	96583874	0.0975516	0.0232011	0
ENSG00000182512	14	95999841	96011061	+	7711	578094	14:96589155	14	96589155	96589155	0.0437438	0.0273006	0
ENSG00000182512	14	95999841	96011061	+	7711	579122	14:96590183	14	96590183	96590183	0.0842812	-0.0162096	0
ENSG00000182512	14	95999841	96011061	+	7711	580776	14:96591837	14	96591837	96591837	0.0437438	0.0273006	0
ENSG00000182512	14	95999841	96011061	+	7711	581674	14:96592735	14	96592735	96592735	0.0437438	0.0273006	0
ENSG00000182512	14	95999841	96011061	+	7711	581830	14:96592891	14	96592891	96592891	0.0910573	-0.0158679	0
ENSG00000182512	14	95999841	96011061	+	7711	582067	14:96593128	14	96593128	96593128	0.0190885	0.0406079	0
ENSG00000182512	14	95999841	96011061	+	7711	582633	14:96593694	14	96593694	96593694	0.0196973	0.0375179	0
ENSG00000182512	14	95999841	96011061	+	7711	584576	14:96595637	14	96595637	96595637	0.0425046	0.0269963	0
ENSG00000182512	14	95999841	96011061	+	7711	585364	14:96596425	14	96596425	96596425	0.0425046	0.0269963	0
ENSG00000182512	14	95999841	96011061	+	7711	585640	14:96596701	14	96596701	96596701	0.0425046	0.0269963	0
ENSG00000182512	14	95999841	96011061	+	7711	587761	14:96598822	14	96598822	96598822	0.0908411	-0.0162382	0
ENSG00000182512	14	95999841	96011061	+	7711	588378	14:96599439	14	96599439	96599439	0.0911456	-0.0177182	0
ENSG00000182512	14	95999841	96011061	+	7711	588442	14:96599503	14	96599503	96599503	0.0466432	0.0176091	0
ENSG00000182512	14	95999841	96011061	+	7711	588595	14:96599656	14	96599656	96599656	0.0572832	0.0168303	0
ENSG00000182512	14	95999841	96011061	+	7711	589255	14:96600316	14	96600316	96600316	0.0572832	0.0168303	0
ENSG00000182512	14	95999841	96011061	+	7711	589516	14:96600577	14	96600577	96600577	0.0553156	-0.0202534	0
ENSG00000182512	14	95999841	96011061	+	7711	589522	14:96600583	14	96600583	96600583	0.0572832	0.0168303	0
ENSG00000182512	14	95999841	96011061	+	7711	589535	14:96600596	14	96600596	96600596	0.0572832	0.0168303	0
ENSG00000182512	14	95999841	96011061	+	7711	589723	14:96600784	14	96600784	96600784	0.0572832	0.0168303	0
ENSG00000182512	14	95999841	96011061	+	7711	591269	14:96602330	14	96602330	96602330	0.0813198	-0.0184288	0
ENSG00000182512	14	95999841	96011061	+	7711	591270	14:96602331	14	96602331	96602331	0.0813198	-0.0184288	0
ENSG00000182512	14	95999841	96011061	+	7711	591722	14:96602783	14	96602783	96602783	0.0374237	0.0182006	0
ENSG00000182512	14	95999841	96011061	+	7711	592206	14:96603267	14	96603267	96603267	0.0374237	0.0182006	0
ENSG00000182512	14	95999841	96011061	+	7711	592601	14:96603662	14	96603662	96603662	0.0813198	-0.0184288	0
ENSG00000182512	14	95999841	96011061	+	7711	592662	14:96603723	14	96603723	96603723	0.0374237	0.0182006	0
ENSG00000182512	14	95999841	96011061	+	7711	592708	14:96603769	14	96603769	96603769	0.0813198	-0.0184288	0
ENSG00000182512	14	95999841	96011061	+	7711	592754	14:96603815	14	96603815	96603815	0.0374237	0.0182006	0
ENSG00000182512	14	95999841	96011061	+	7711	592942	14:96604003	14	96604003	96604003	0.0664388	-0.0194466	0
ENSG00000182512	14	95999841	96011061	+	7711	593374	14:96604435	14	96604435	96604435	0.0374237	0.0182006	0
ENSG00000182512	14	95999841	96011061	+	7711	593566	14:96604627	14	96604627	96604627	0.0374237	0.0182006	0
ENSG00000182512	14	95999841	96011061	+	7711	593927	14:96604988	14	96604988	96604988	0.0689962	-0.0192225	0
ENSG00000182512	14	95999841	96011061	+	7711	594512	14:96605573	14	96605573	96605573	0.0572832	0.0168303	0
ENSG00000182512	14	95999841	96011061	+	7711	595303	14:96606364	14	96606364	96606364	0.0959517	0.0220548	0
ENSG00000182512	14	95999841	96011061	+	7711	595672	14:96606733	14	96606733	96606733	0.0540053	0.0170585	0
ENSG00000182512	14	95999841	96011061	+	7711	596981	14:96608042	14	96608042	96608042	0.0540053	0.0170585	0
ENSG00000182512	14	95999841	96011061	+	7711	597052	14:96608113	14	96608113	96608113	0.0718803	-0.0189243	0
ENSG00000182512	14	95999841	96011061	+	7711	597160	14:96608221	14	96608221	96608221	0.0540053	0.0170585	0
ENSG00000182512	14	95999841	96011061	+	7711	597901	14:96608962	14	96608962	96608962	0.0625859	0.0165866	0
ENSG00000182512	14	95999841	96011061	+	7711	599014	14:96610075	14	96610075	96610075	0.0351921	0.0184173	0
ENSG00000182512	14	95999841	96011061	+	7711	600210	14:96611271	14	96611271	96611271	0.0625859	0.0165866	0
ENSG00000182512	14	95999841	96011061	+	7711	600330	14:96611391	14	96611391	96611391	0.0625859	0.0165866	0
ENSG00000182512	14	95999841	96011061	+	7711	601548	14:96612609	14	96612609	96612609	0.0625859	0.0165866	0
ENSG00000182512	14	95999841	96011061	+	7711	601621	14:96612682	14	96612682	96612682	0.0292927	0.0190577	0
ENSG00000182512	14	95999841	96011061	+	7711	603264	14:96614325	14	96614325	96614325	0.0351921	0.0184173	0
ENSG00000182512	14	95999841	96011061	+	7711	604028	14:96615089	14	96615089	96615089	0.0625859	0.0165866	0
ENSG00000182512	14	95999841	96011061	+	7711	604076	14:96615137	14	96615137	96615137	0.0625859	0.0165866	0
ENSG00000182512	14	95999841	96011061	+	7711	604919	14:96615980	14	96615980	96615980	0.0625859	0.0165866	0
ENSG00000182512	14	95999841	96011061	+	7711	604921	14:96615982	14	96615982	96615982	0.0625859	0.0165866	0
ENSG00000182512	14	95999841	96011061	+	7711	604978	14:96616039	14	96616039	96616039	0.0625859	0.0165866	0
ENSG00000182512	14	95999841	96011061	+	7711	605269	14:96616330	14	96616330	96616330	0.0292927	0.0190577	0
ENSG00000182512	14	95999841	96011061	+	7711	605510	14:96616571	14	96616571	96616571	0.0351921	0.0184173	0
ENSG00000182512	14	95999841	96011061	+	7711	605784	14:96616845	14	96616845	96616845	0.0625859	0.0165866	0
ENSG00000182512	14	95999841	96011061	+	7711	605985	14:96617046	14	96617046	96617046	0.0625859	0.0165866	0
ENSG00000182512	14	95999841	96011061	+	7711	606144	14:96617205	14	96617205	96617205	0.0540053	0.0170585	0
ENSG00000182512	14	95999841	96011061	+	7711	606221	14:96617282	14	96617282	96617282	0.0540053	0.0170585	0
ENSG00000182512	14	95999841	96011061	+	7711	606757	14:96617818	14	96617818	96617818	0.0540053	0.0170585	0
ENSG00000182512	14	95999841	96011061	+	7711	606765	14:96617826	14	96617826	96617826	0.0540053	0.0170585	0
ENSG00000182512	14	95999841	96011061	+	7711	606819	14:96617880	14	96617880	96617880	0.0300826	0.0188591	0
ENSG00000182512	14	95999841	96011061	+	7711	606879	14:96617940	14	96617940	96617940	0.0625859	0.0165866	0
ENSG00000182512	14	95999841	96011061	+	7711	607251	14:96618312	14	96618312	96618312	0.0625859	0.0165866	0
ENSG00000182512	14	95999841	96011061	+	7711	607672	14:96618733	14	96618733	96618733	0.0625859	0.0165866	0
ENSG00000182512	14	95999841	96011061	+	7711	607679	14:96618740	14	96618740	96618740	0.0625859	0.0165866	0
ENSG00000182512	14	95999841	96011061	+	7711	607720	14:96618781	14	96618781	96618781	0.0625859	0.0165866	0
ENSG00000182512	14	95999841	96011061	+	7711	608246	14:96619307	14	96619307	96619307	0.0625859	0.0165866	0
ENSG00000182512	14	95999841	96011061	+	7711	608419	14:96619480	14	96619480	96619480	0.0625859	0.0165866	0
ENSG00000182512	14	95999841	96011061	+	7711	608678	14:96619739	14	96619739	96619739	0.0625859	0.0165866	0
ENSG00000182512	14	95999841	96011061	+	7711	609380	14:96620441	14	96620441	96620441	0.0625859	0.0165866	0
ENSG00000182512	14	95999841	96011061	+	7711	609447	14:96620508	14	96620508	96620508	0.0678041	0.0163646	0
ENSG00000182512	14	95999841	96011061	+	7711	609495	14:96620556	14	96620556	96620556	0.0678041	0.0163646	0
ENSG00000182512	14	95999841	96011061	+	7711	609578	14:96620639	14	96620639	96620639	0.0604389	0.0168247	0
ENSG00000182512	14	95999841	96011061	+	7711	609765	14:96620826	14	96620826	96620826	0.0625859	0.0165866	0
ENSG00000182512	14	95999841	96011061	+	7711	609813	14:96620874	14	96620874	96620874	0.0625859	0.0165866	0
ENSG00000182512	14	95999841	96011061	+	7711	609894	14:96620955	14	96620955	96620955	0.0625859	0.0165866	0
ENSG00000182512	14	95999841	96011061	+	7711	610318	14:96621379	14	96621379	96621379	0.0625859	0.0165866	0
ENSG00000182512	14	95999841	96011061	+	7711	610748	14:96621809	14	96621809	96621809	0.0625859	0.0165866	0
ENSG00000182512	14	95999841	96011061	+	7711	610772	14:96621833	14	96621833	96621833	0.0625859	0.0165866	0
ENSG00000182512	14	95999841	96011061	+	7711	610805	14:96621866	14	96621866	96621866	0.0718803	-0.0189243	0
ENSG00000182512	14	95999841	96011061	+	7711	611366	14:96622427	14	96622427	96622427	0.0351921	0.0184173	0
ENSG00000182512	14	95999841	96011061	+	7711	611848	14:96622909	14	96622909	96622909	0.0316465	0.0187897	0
ENSG00000182512	14	95999841	96011061	+	7711	613131	14:96624192	14	96624192	96624192	0.0718803	-0.0189243	0
ENSG00000182512	14	95999841	96011061	+	7711	613456	14:96624517	14	96624517	96624517	0.0567628	0.0169657	0
ENSG00000182512	14	95999841	96011061	+	7711	613489	14:96624550	14	96624550	96624550	0.0567628	0.0169657	0
ENSG00000182512	14	95999841	96011061	+	7711	613658	14:96624719	14	96624719	96624719	0.0567628	0.0169657	0
ENSG00000182512	14	95999841	96011061	+	7711	613868	14:96624929	14	96624929	96624929	0.0567628	0.0169657	0
ENSG00000182512	14	95999841	96011061	+	7711	614458	14:96625519	14	96625519	96625519	0.0567628	0.0169657	0
ENSG00000182512	14	95999841	96011061	+	7711	614711	14:96625772	14	96625772	96625772	0.0567628	0.0169657	0
ENSG00000182512	14	95999841	96011061	+	7711	615820	14:96626881	14	96626881	96626881	0.0678477	-0.0193702	0
ENSG00000182512	14	95999841	96011061	+	7711	616974	14:96628035	14	96628035	96628035	0.0558936	-0.0203016	0
ENSG00000182512	14	95999841	96011061	+	7711	621931	14:96632992	14	96632992	96632992	0.0770111	0.0229564	0
ENSG00000182512	14	95999841	96011061	+	7711	627805	14:96638866	14	96638866	96638866	0.0827186	-0.0192697	0
ENSG00000182512	14	95999841	96011061	+	7711	630798	14:96641859	14	96641859	96641859	0.0192213	-0.0244358	0
ENSG00000182512	14	95999841	96011061	+	7711	639722	14:96650783	14	96650783	96650783	0.0691844	-0.0540491	0
ENSG00000182512	14	95999841	96011061	+	7711	642398	14:96653459	14	96653459	96653459	0.0593529	-0.0544677	0
ENSG00000182512	14	95999841	96011061	+	7711	648670	14:96659731	14	96659731	96659731	0.0930667	0.0371474	0
ENSG00000182512	14	95999841	96011061	+	7711	653059	14:96664120	14	96664120	96664120	0.0823369	0.0190725	0
ENSG00000182512	14	95999841	96011061	+	7711	655252	14:96666313	14	96666313	96666313	0.0691844	-0.0540491	0
ENSG00000182512	14	95999841	96011061	+	7711	657106	14:96668167	14	96668167	96668167	0.0691844	-0.0540491	0
ENSG00000182512	14	95999841	96011061	+	7711	664872	14:96675933	14	96675933	96675933	0.0580586	0.0170796	0
ENSG00000182512	14	95999841	96011061	+	7711	669842	14:96680903	14	96680903	96680903	0.0436663	0.0181821	0
ENSG00000182512	14	95999841	96011061	+	7711	671292	14:96682353	14	96682353	96682353	0.0526148	-0.0408034	0
ENSG00000182512	14	95999841	96011061	+	7711	673293	14:96684354	14	96684354	96684354	0.0607168	-0.0400536	0
ENSG00000182512	14	95999841	96011061	+	7711	679765	14:96690826	14	96690826	96690826	0.00174788	-0.0555282	0
ENSG00000182512	14	95999841	96011061	+	7711	679767	14:96690828	14	96690828	96690828	0.00174788	-0.0555282	0
ENSG00000182512	14	95999841	96011061	+	7711	681547	14:96692608	14	96692608	96692608	0.000346104	-0.0639466	0
ENSG00000182512	14	95999841	96011061	+	7711	689076	14:96700137	14	96700137	96700137	0.0729195	-0.0431629	0
ENSG00000182512	14	95999841	96011061	+	7711	693300	14:96704361	14	96704361	96704361	0.0347386	0.0179799	0
ENSG00000182512	14	95999841	96011061	+	7711	694091	14:96705152	14	96705152	96705152	0.0410339	0.0201798	0
ENSG00000182512	14	95999841	96011061	+	7711	694633	14:96705694	14	96705694	96705694	0.0338899	-0.019222	0
ENSG00000182512	14	95999841	96011061	+	7711	700056	14:96711117	14	96711117	96711117	0.0528062	0.0197336	0
ENSG00000182512	14	95999841	96011061	+	7711	701716	14:96712777	14	96712777	96712777	0.0674452	0.0200601	0
ENSG00000182512	14	95999841	96011061	+	7711	703899	14:96714960	14	96714960	96714960	0.0215651	-0.0208311	0
ENSG00000182512	14	95999841	96011061	+	7711	704436	14:96715497	14	96715497	96715497	0.0357792	0.0213512	0
ENSG00000182512	14	95999841	96011061	+	7711	704912	14:96715973	14	96715973	96715973	0.0357792	0.0213512	0
ENSG00000182512	14	95999841	96011061	+	7711	704946	14:96716007	14	96716007	96716007	0.0357792	0.0213512	0
ENSG00000182512	14	95999841	96011061	+	7711	705088	14:96716149	14	96716149	96716149	0.0357792	0.0213512	0
ENSG00000182512	14	95999841	96011061	+	7711	705292	14:96716353	14	96716353	96716353	0.0919678	-0.0629435	0
ENSG00000182512	14	95999841	96011061	+	7711	705671	14:96716732	14	96716732	96716732	0.0483254	0.0201026	0
ENSG00000182512	14	95999841	96011061	+	7711	706075	14:96717136	14	96717136	96717136	0.0457749	0.0163836	0
ENSG00000182512	14	95999841	96011061	+	7711	706111	14:96717172	14	96717172	96717172	0.0483254	0.0201026	0
ENSG00000182512	14	95999841	96011061	+	7711	706129	14:96717190	14	96717190	96717190	0.0483254	0.0201026	0
ENSG00000182512	14	95999841	96011061	+	7711	706770	14:96717831	14	96717831	96717831	0.0483254	0.0201026	0
ENSG00000182512	14	95999841	96011061	+	7711	714565	14:96725626	14	96725626	96725626	0.0696966	-0.0378737	0
ENSG00000182512	14	95999841	96011061	+	7711	730163	14:96741224	14	96741224	96741224	0.0459037	0.0159081	0
ENSG00000182512	14	95999841	96011061	+	7711	731542	14:96742603	14	96742603	96742603	0.0921203	0.0134613	0
ENSG00000182512	14	95999841	96011061	+	7711	734938	14:96745999	14	96745999	96745999	0.099914	0.0131112	0
ENSG00000182512	14	95999841	96011061	+	7711	738320	14:96749381	14	96749381	96749381	0.099914	0.0131112	0
ENSG00000182512	14	95999841	96011061	+	7711	739154	14:96750215	14	96750215	96750215	0.0594924	-0.074077	0
ENSG00000182512	14	95999841	96011061	+	7711	741544	14:96752605	14	96752605	96752605	0.0594924	-0.074077	0
ENSG00000182512	14	95999841	96011061	+	7711	747923	14:96758984	14	96758984	96758984	0.0594924	-0.074077	0
ENSG00000182512	14	95999841	96011061	+	7711	747924	14:96758985	14	96758985	96758985	0.0594924	-0.074077	0
ENSG00000182512	14	95999841	96011061	+	7711	748037	14:96759098	14	96759098	96759098	0.0672554	-0.0683332	0
ENSG00000182512	14	95999841	96011061	+	7711	748792	14:96759853	14	96759853	96759853	0.098688	0.013204	0
ENSG00000182512	14	95999841	96011061	+	7711	749502	14:96760563	14	96760563	96760563	0.098688	0.013204	0
ENSG00000182512	14	95999841	96011061	+	7711	749564	14:96760625	14	96760625	96760625	0.0866677	0.0302478	0
ENSG00000182512	14	95999841	96011061	+	7711	751979	14:96763040	14	96763040	96763040	0.098688	0.013204	0
ENSG00000182512	14	95999841	96011061	+	7711	753522	14:96764583	14	96764583	96764583	0.0672554	-0.0683332	0
ENSG00000182512	14	95999841	96011061	+	7711	753940	14:96765001	14	96765001	96765001	0.098688	0.013204	0
ENSG00000182512	14	95999841	96011061	+	7711	754308	14:96765369	14	96765369	96765369	0.0672554	-0.0683332	0
ENSG00000182512	14	95999841	96011061	+	7711	758172	14:96769233	14	96769233	96769233	0.098688	0.013204	0
ENSG00000182512	14	95999841	96011061	+	7711	760898	14:96771959	14	96771959	96771959	0.0672554	-0.0683332	0
ENSG00000182512	14	95999841	96011061	+	7711	762328	14:96773389	14	96773389	96773389	0.098688	0.013204	0
ENSG00000182512	14	95999841	96011061	+	7711	766347	14:96777408	14	96777408	96777408	0.098688	0.013204	0
ENSG00000182512	14	95999841	96011061	+	7711	766407	14:96777468	14	96777468	96777468	0.098688	0.013204	0
ENSG00000182512	14	95999841	96011061	+	7711	768834	14:96779895	14	96779895	96779895	0.098688	0.013204	0
ENSG00000182512	14	95999841	96011061	+	7711	769441	14:96780502	14	96780502	96780502	0.0672554	-0.0683332	0
ENSG00000182512	14	95999841	96011061	+	7711	770851	14:96781912	14	96781912	96781912	0.0672554	-0.0683332	0
ENSG00000182512	14	95999841	96011061	+	7711	772247	14:96783308	14	96783308	96783308	0.098688	0.013204	0
ENSG00000182512	14	95999841	96011061	+	7711	772355	14:96783416	14	96783416	96783416	0.0652224	0.0334517	0
ENSG00000182512	14	95999841	96011061	+	7711	773786	14:96784847	14	96784847	96784847	0.0971093	0.0141783	0
ENSG00000182512	14	95999841	96011061	+	7711	786412	14:96797473	14	96797473	96797473	0.0515105	-0.0693944	0
ENSG00000182512	14	95999841	96011061	+	7711	786663	14:96797724	14	96797724	96797724	0.0515105	-0.0693944	0
ENSG00000182512	14	95999841	96011061	+	7711	790319	14:96801380	14	96801380	96801380	0.0665869	-0.0626867	0
ENSG00000182512	14	95999841	96011061	+	7711	791550	14:96802611	14	96802611	96802611	0.0972975	0.0141112	0
ENSG00000182512	14	95999841	96011061	+	7711	794664	14:96805725	14	96805725	96805725	0.0515105	-0.0693944	0
ENSG00000182512	14	95999841	96011061	+	7711	794690	14:96805751	14	96805751	96805751	0.09198	0.0134337	0
ENSG00000182512	14	95999841	96011061	+	7711	794917	14:96805978	14	96805978	96805978	0.0733479	0.0152352	0
ENSG00000182512	14	95999841	96011061	+	7711	797689	14:96808750	14	96808750	96808750	0.09198	0.0134337	0
ENSG00000182512	14	95999841	96011061	+	7711	800270	14:96811331	14	96811331	96811331	0.0390204	-0.0810955	0
ENSG00000182512	14	95999841	96011061	+	7711	800782	14:96811843	14	96811843	96811843	0.0672554	-0.0683332	0
ENSG00000182512	14	95999841	96011061	+	7711	801759	14:96812820	14	96812820	96812820	0.0656496	0.0146897	0
ENSG00000182512	14	95999841	96011061	+	7711	802112	14:96813173	14	96813173	96813173	0.0656496	0.0146897	0
ENSG00000182512	14	95999841	96011061	+	7711	802642	14:96813703	14	96813703	96813703	0.0672554	-0.0683332	0
ENSG00000182512	14	95999841	96011061	+	7711	803734	14:96814795	14	96814795	96814795	0.0781256	0.0150069	0
ENSG00000182512	14	95999841	96011061	+	7711	805479	14:96816540	14	96816540	96816540	0.0672554	-0.0683332	0
ENSG00000182512	14	95999841	96011061	+	7711	806860	14:96817921	14	96817921	96817921	0.0672554	-0.0683332	0
ENSG00000182512	14	95999841	96011061	+	7711	810335	14:96821396	14	96821396	96821396	0.0759297	0.0141764	0
ENSG00000182512	14	95999841	96011061	+	7711	811764	14:96822825	14	96822825	96822825	0.0515105	-0.0693944	0
ENSG00000182512	14	95999841	96011061	+	7711	816031	14:96827092	14	96827092	96827092	0.0672554	-0.0683332	0
ENSG00000182512	14	95999841	96011061	+	7711	816186	14:96827247	14	96827247	96827247	0.082453	0.0138219	0
ENSG00000182512	14	95999841	96011061	+	7711	818789	14:96829850	14	96829850	96829850	0.0717596	0.0143555	0
ENSG00000182512	14	95999841	96011061	+	7711	818937	14:96829998	14	96829998	96829998	0.0994591	0.0132596	0
ENSG00000182512	14	95999841	96011061	+	7711	825863	14:96836924	14	96836924	96836924	0.0725534	0.0142541	0
ENSG00000182512	14	95999841	96011061	+	7711	825912	14:96836973	14	96836973	96836973	0.0355374	-0.0325002	0
ENSG00000182512	14	95999841	96011061	+	7711	835031	14:96846092	14	96846092	96846092	0.0355374	-0.0325002	0
ENSG00000182512	14	95999841	96011061	+	7711	839311	14:96850372	14	96850372	96850372	0.0511394	0.0154942	0
ENSG00000182512	14	95999841	96011061	+	7711	840119	14:96851180	14	96851180	96851180	0.0355374	-0.0325002	0
ENSG00000182512	14	95999841	96011061	+	7711	841010	14:96852071	14	96852071	96852071	0.0523791	0.0154499	0
ENSG00000182512	14	95999841	96011061	+	7711	842858	14:96853919	14	96853919	96853919	0.0355374	-0.0325002	0
ENSG00000182512	14	95999841	96011061	+	7711	844933	14:96855994	14	96855994	96855994	0.0511394	0.0154942	0
ENSG00000182512	14	95999841	96011061	+	7711	845518	14:96856579	14	96856579	96856579	0.0300737	-0.03373	0
ENSG00000182512	14	95999841	96011061	+	7711	848223	14:96859284	14	96859284	96859284	0.0300737	-0.03373	0
ENSG00000182512	14	95999841	96011061	+	7711	850090	14:96861151	14	96861151	96861151	0.0138083	0.0196856	0
ENSG00000182512	14	95999841	96011061	+	7711	854303	14:96865364	14	96865364	96865364	0.08667	0.0458171	0
ENSG00000182512	14	95999841	96011061	+	7711	875586	14:96886647	14	96886647	96886647	0.097223	0.0147844	0
ENSG00000182512	14	95999841	96011061	+	7711	889639	14:96900700	14	96900700	96900700	0.0819648	-0.0551778	0
ENSG00000182512	14	95999841	96011061	+	7711	905415	14:96916476	14	96916476	96916476	0.0746764	0.0160816	0
ENSG00000182512	14	95999841	96011061	+	7711	978410	14:96989471	14	96989471	96989471	0.0726939	-0.0177363	0
ENSG00000182512	14	95999841	96011061	+	7711	987580	14:96998641	14	96998641	96998641	0.0773738	0.0271884	0
