Gene	scz2018	scz2013	scz2011	scz2019	scz2021	scz2014	scz_ex	cell	bip2021	bip2019	bip2012
ABCB1	0	0	0	0	0	0	0	1	0	0	0
ABCB9	1	0	0	1	0	1	0	1	0	0	0
AC003102.1	0	0	0	0	0	0	0	0	0	1	0
AC005477.1	0	0	0	0	0	1	0	0	0	0	0
AC005609.1	0	0	0	0	0	1	0	0	0	0	0
AC027228.1	0	0	0	0	0	1	0	0	0	0	0
AC073043.2	0	0	0	0	0	1	0	0	0	0	0
ACD	1	0	0	0	0	1	0	0	0	0	0
ACE	0	0	0	0	1	0	0	0	0	0	0
ACOT12	0	0	0	0	0	0	0	0	0	1	0
ACTG1P17	1	0	0	0	0	0	0	0	0	0	0
ACTN3	0	0	0	0	0	0	0	0	0	0	1
ACTR1B	0	0	0	0	1	0	0	0	0	0	0
ACTR5	1	0	0	1	0	1	0	0	0	0	0
ADAMTS7P1	1	0	0	0	0	0	0	0	0	0	0
ADAMTSL3	1	0	0	1	0	1	0	1	0	1	0
ADAMTSL4	0	0	0	0	0	0	0	0	0	1	0
ADAMTSL4-AS1	0	0	0	0	0	0	0	0	0	1	0
ADCK2	0	0	0	0	0	0	0	0	0	1	0
ADCY2	0	0	0	0	0	0	0	0	0	1	0
ADCY2<U+00A0>	0	0	0	0	0	0	0	0	1	0	0
ADD3	0	0	0	0	0	0	0	0	0	1	0
ADD3<U+00A0>	0	0	0	0	0	0	0	0	1	0	0
ADM5	1	0	0	0	0	0	0	0	0	0	0
ADO	0	0	0	0	0	0	0	0	1	0	0
AFG1L	0	0	0	1	0	0	0	0	0	0	0
AGAP1	0	1	1	0	0	0	0	0	0	0	0
AGBL4	0	0	0	1	0	0	0	0	0	0	0
AGBL4-IT1	0	0	0	1	0	0	0	0	0	0	0
AIG1	1	0	0	0	0	0	0	0	0	0	0
AK123816	0	0	0	0	0	0	0	1	0	0	0
AK5	0	0	0	0	0	0	0	0	0	0	1
AKAP11	0	0	0	0	0	0	1	0	0	0	0
AKAP6	1	0	0	0	0	0	0	0	0	0	0
AKT3	1	1	1	1	1	1	0	0	0	0	0
AL049840.1	0	0	0	0	0	1	0	0	0	0	0
AL356356.1	0	0	0	0	0	0	0	0	0	1	0
ALAS1	0	0	0	0	0	0	0	0	0	1	1
ALDOA	1	0	0	1	0	1	0	0	0	0	0
ALG12	0	0	0	0	1	0	0	0	0	0	0
ALMS1	1	0	0	0	0	0	0	0	0	0	0
ALMS1-IT1	1	0	0	0	0	0	0	0	0	0	0
ALMS1P	1	0	0	0	0	0	0	0	0	0	0
ALPK3	1	0	0	0	0	0	0	0	0	1	0
AMBRA1	1	0	0	1	0	1	0	0	0	0	0
ANGPTL2	0	0	0	1	0	0	0	0	0	0	0
ANK3	0	0	1	0	0	0	0	0	0	1	1
ANK3<U+00A0>	0	0	0	0	0	0	0	0	1	0	0
ANKK1	0	0	0	1	0	0	0	0	0	0	0
ANKRD12	0	0	0	0	0	0	1	0	0	0	0
ANKRD23	0	0	0	0	0	0	0	0	0	1	0
ANKRD39	0	0	0	0	0	0	0	0	0	1	0
ANKRD44	1	0	0	1	0	1	0	0	0	0	0
ANKRD44-IT1	1	0	0	1	0	0	0	0	0	0	0
ANKRD63	1	0	0	0	0	1	0	0	0	0	0
ANP32E	1	0	0	1	0	1	0	0	0	1	0
AP003733.1	0	0	0	0	0	0	0	0	0	1	0
AP3B2	1	0	0	0	0	0	0	0	0	0	0
APH1A	0	0	0	1	0	1	0	0	0	1	0
APOPT1	0	0	0	0	0	1	0	1	0	0	0
ARFGEF2	0	0	0	0	0	0	0	1	0	0	0
ARHGAP1	1	0	0	1	0	1	0	0	0	0	0
ARL14EP	1	0	0	0	0	0	0	0	0	0	0
ARL3	0	0	0	0	0	1	0	0	0	0	0
ARL6IP4	1	0	0	1	0	1	0	1	0	0	0
ARNTL	0	0	0	0	0	0	0	1	0	0	0
ARVCF	0	0	1	0	0	0	0	0	0	0	0
AS3MT	1	0	0	1	0	1	0	0	0	0	0
ASB16	0	0	0	0	0	0	0	0	0	1	0
ASCL1	1	0	0	0	0	0	0	0	0	0	0
ASH1L	0	0	0	0	0	0	1	0	0	0	0
ASH2L	1	0	0	0	0	0	0	0	0	0	0
ASPG	1	0	0	0	0	0	0	0	0	0	0
ASPHD1	1	0	0	1	1	1	0	0	0	0	0
ATF4	0	0	0	1	0	0	0	0	0	0	0
ATG13	1	0	0	1	1	1	0	0	0	0	0
ATP13A1	0	0	0	0	0	0	0	0	0	1	0
ATP2A2	1	0	0	1	1	1	0	0	0	0	0
ATPAF2	1	0	0	1	0	1	0	0	0	0	0
ATXN7	1	0	0	1	0	1	0	1	0	0	0
ATXN7L3	0	0	0	0	0	0	0	0	0	1	0
AX746575	0	0	0	0	0	0	0	1	0	0	0
AXDND1	0	0	0	1	0	0	0	0	0	0	0
B3GAT1	1	0	0	0	0	0	0	0	0	0	0
B3GNT1	0	0	0	0	0	0	0	0	0	1	1
BAG4	1	0	0	0	0	0	0	0	0	0	0
BAG5	0	0	0	0	0	1	0	0	0	0	0
BAI3	0	0	0	0	1	0	0	0	0	0	0
BANF1	0	0	0	0	0	0	0	0	0	1	0
BANK1	1	0	0	1	0	0	0	0	0	0	0
BAP1	0	0	0	0	0	0	0	0	0	1	1
BBS1	0	0	0	0	0	0	0	0	0	1	1
BC037927	1	0	0	0	0	0	0	0	0	0	0
BC040700	0	0	0	0	0	0	0	1	0	0	0
BCL11A	0	0	0	1	0	0	0	0	0	0	0
BCL11B	1	0	0	0	1	1	0	1	1	0	0
BCL2L12	1	0	0	0	1	0	0	0	0	0	0
BCL7A	0	0	0	1	0	0	0	0	0	0	0
BEST1	0	0	0	1	0	0	0	0	0	1	0
BNIP3L	1	0	0	1	1	0	0	0	0	0	0
BOLA2	0	0	0	0	0	0	0	1	0	0	0
BOLL	1	0	0	1	0	1	0	0	0	0	0
BORCS7	0	0	0	1	0	0	0	0	0	0	0
BORCS7-ASMT	0	0	0	1	0	0	0	0	0	0	0
BRAF	0	0	0	0	0	0	0	0	0	1	0
BRINP2	1	0	0	1	0	1	0	0	0	0	0
BRMS1	0	0	0	0	0	0	0	0	0	1	1
BTBD18	1	0	0	1	0	1	0	0	0	0	0
BTG1	1	0	0	0	0	0	0	0	0	0	0
C10orf32	1	0	0	0	0	1	0	0	0	0	0
C10orf32-AS3MT	0	1	0	0	0	0	0	0	0	0	0
C10orf32-ASMT	1	0	0	0	0	0	0	0	0	0	0
C11orf31	1	0	0	0	0	1	0	0	0	0	0
C11orf68	0	0	0	0	0	0	0	0	0	1	0
C11orf80	0	0	0	0	0	0	0	0	0	1	1
C11orf86	0	0	0	0	0	0	0	0	0	1	1
C11orf87	0	0	0	1	0	1	0	0	0	0	0
C12orf42	0	0	0	0	0	1	0	0	0	0	0
C12orf65	1	1	0	1	0	1	0	0	0	0	0
C12orf79	0	0	0	0	0	1	0	0	0	0	0
C14orf2	1	0	0	0	0	0	0	0	0	0	0
C15orf53	0	0	0	0	0	0	0	0	1	0	1
C16orf72	0	0	0	0	0	0	0	0	1	0	0
C16orf86	1	0	0	0	0	1	0	0	0	0	0
C16orf92	1	0	0	1	0	1	0	0	0	0	0
C17orf53	0	0	0	0	0	0	0	0	0	1	0
C1orf132	0	0	0	0	0	1	0	0	0	0	0
C1orf51	0	0	0	0	0	1	0	0	0	1	0
C1orf54	0	0	0	1	0	1	0	0	0	1	0
C20orf71	0	1	0	0	0	0	0	0	0	0	0
C2orf15	0	0	0	0	0	0	0	0	0	0	1
C2orf47	1	0	0	0	0	1	0	1	0	0	0
C2orf55	0	0	0	0	0	0	0	0	0	0	1
C2orf69	1	0	0	1	0	1	0	0	0	0	0
C2orf82	1	1	0	1	0	1	0	0	0	0	0
C3orf18	0	0	0	1	0	0	0	0	0	0	0
C3orf49	1	0	0	1	0	1	0	1	0	0	0
C4orf27	1	0	0	0	0	1	0	0	0	0	0
CA11	0	0	0	0	0	0	0	0	0	0	1
CA14	1	0	0	1	0	1	0	0	0	1	0
CA8	1	0	0	0	0	1	0	0	0	0	0
CACNA1C	1	1	1	1	1	1	0	1	0	1	1
CACNA1C-AS4	1	0	0	1	0	0	0	0	0	0	0
CACNA1C-IT3	1	0	0	1	0	0	0	0	0	0	0
CACNA1C<U+00A0>	0	0	0	0	0	0	0	0	1	0	0
CACNA1D	1	0	0	0	0	0	0	0	0	0	1
CACNA1G	0	0	0	0	0	0	1	0	0	0	0
CACNA1I	1	0	0	1	1	1	0	0	0	0	0
CACNA1I<U+00A0>	0	0	0	0	0	0	0	1	0	0	0
CACNA2D2	0	0	0	1	0	0	0	0	0	0	0
CACNB2	1	1	0	1	0	1	0	1	1	0	0
CACNB3	0	0	0	0	0	0	0	0	0	0	1
CALB2	1	0	0	0	0	0	0	0	0	0	0
CALN1	0	0	1	1	1	0	0	0	0	0	0
CAMKK2	0	0	0	1	0	0	0	0	0	0	0
CAPN3	0	0	0	0	0	0	0	0	0	1	0
CASD1	0	0	0	1	0	0	0	0	0	0	0
CATSPER1	0	0	0	0	0	0	0	0	0	1	0
CCDC126	0	0	0	1	0	0	0	0	0	0	0
CCDC175	1	0	0	0	0	0	0	0	0	0	0
CCDC39	0	0	0	0	0	1	0	0	0	0	0
CCDC68	0	0	1	0	0	0	0	0	0	0	0
CCDC87	0	0	0	0	0	0	0	0	0	1	1
CCS	0	0	0	0	0	0	0	0	0	1	1
CD14	0	0	0	1	0	1	0	0	0	0	0
CD248	0	0	0	0	0	0	0	0	0	1	1
CD46	0	0	0	0	0	1	0	0	0	0	0
CD47	0	0	0	0	0	0	0	0	0	1	0
CD47<U+00A0>	0	0	0	0	0	0	0	0	1	0	0
CDAN1	0	0	0	0	0	0	0	0	0	1	0
CDC25C	0	0	0	0	0	1	0	0	0	0	0
CDH16	0	0	0	0	1	0	0	0	0	0	0
CDIPT	0	0	0	1	0	0	0	0	0	0	0
CDIPT-AS1	0	0	0	1	0	0	0	0	0	0	0
CDK2AP1	1	0	0	1	0	1	0	0	0	0	0
CENPM	1	0	0	0	0	1	0	0	0	0	0
CENPT	1	0	0	0	0	1	0	0	0	0	0
CERS6	0	0	0	0	0	0	0	0	1	0	0
CHADL	1	0	0	1	0	1	0	0	0	0	0
CHDH	0	0	0	0	0	0	0	0	0	0	1
CHRM3	1	0	0	0	0	0	0	0	0	0	0
CHRM4	1	0	0	1	0	1	0	0	0	0	0
CHRNA2	1	0	0	0	0	0	0	0	0	0	0
CHRNA3	1	0	0	1	0	1	0	1	0	0	0
CHRNA5	1	0	0	1	0	1	0	0	0	0	0
CHRNB4	1	0	0	1	0	1	0	0	0	0	0
CILP2	1	0	0	0	0	1	0	0	0	1	0
CISD2	0	0	0	0	1	0	0	0	0	0	0
CISH	0	0	0	1	0	0	0	0	0	0	0
CKAP5	1	0	0	1	0	1	0	0	0	0	0
CKB	0	0	0	0	0	1	0	0	0	0	0
CLCN3	1	0	0	1	1	1	0	0	0	0	0
CLK2P1	0	0	0	1	0	0	0	0	0	0	0
CLP1	1	0	0	1	0	1	0	0	0	0	0
CLU	1	0	0	1	0	1	0	0	0	0	0
CMTR2	1	0	0	0	0	0	0	0	0	0	0
CNIH2	0	0	0	0	0	0	0	0	0	1	1
CNKSR2	0	0	0	0	0	1	0	0	0	0	0
CNNM2	1	0	1	1	0	1	0	0	0	0	0
CNNM3	0	0	0	0	0	0	0	0	0	1	0
CNNM4	0	0	0	0	0	0	0	1	0	1	1
CNOT1	1	0	0	0	0	1	0	1	0	0	0
CNOT7	0	0	0	1	0	0	0	0	0	0	0
CNTN4	1	0	0	1	1	1	0	1	0	0	0
COMT	0	0	1	0	0	0	0	0	0	0	0
COQ10B	1	1	0	1	0	1	0	0	0	0	0
CPEB1	1	0	0	0	0	0	0	0	0	0	0
CPEB1-AS1	1	0	0	0	0	0	0	0	0	0	0
CPNE8	1	0	0	0	0	0	0	0	0	0	0
CPT1C	1	0	0	0	0	0	0	0	0	0	0
CR1L	0	0	0	0	0	1	0	0	0	0	0
CREB1	0	1	0	0	0	0	0	0	0	0	0
CREB3L1	1	0	0	1	0	1	0	0	0	0	0
CREB3L4	0	0	0	0	1	0	0	0	0	0	0
CRHR1	0	0	0	0	1	0	0	0	0	0	0
CSE1L	0	0	0	0	0	0	0	1	0	0	0
CSMD1	1	1	1	1	1	1	0	0	0	0	0
CSRNP3	0	0	0	0	0	0	0	0	0	1	0
CST6	0	0	0	0	0	0	0	0	0	1	0
CTNNA1	0	0	0	0	0	1	0	0	0	0	0
CTNND1	1	0	0	1	0	1	0	0	0	0	0
CTRL	1	0	0	0	0	1	0	0	0	0	0
CTSF	0	0	0	0	0	0	0	0	0	1	1
CUL1	0	0	0	0	0	0	1	0	0	0	0
CUL3	1	0	0	1	0	1	0	0	0	0	0
CUL4A	0	0	0	0	0	0	0	0	1	0	0
CUL9	0	0	0	1	1	0	0	0	0	0	0
CYB561D2	0	0	0	1	0	0	0	0	0	0	0
CYP17A1	1	0	0	1	0	1	0	0	0	0	0
CYP26B1	0	0	0	0	0	1	0	0	0	0	0
CYP2D6	1	0	0	0	0	1	0	0	0	0	0
CYP2D7P	1	0	0	0	0	0	0	0	0	0	0
CYP7B1	0	0	0	0	1	0	0	0	0	0	0
DAGLA	0	0	0	0	0	0	1	0	0	1	0
DARS2	0	0	0	0	1	0	0	1	0	0	0
DBP	0	0	0	0	0	0	0	0	0	0	1
DCAF1	0	0	0	1	0	0	0	0	0	0	0
DCAKD	0	0	0	0	0	0	0	1	0	0	0
DCC	0	1	0	0	1	0	0	0	0	0	0
DCLK3	0	0	0	0	1	0	0	0	0	1	0
DDHD2	1	0	0	0	1	0	0	0	0	0	0
DDN	0	0	0	0	0	0	0	0	0	0	1
DDX23	0	0	0	0	0	0	0	0	0	0	1
DDX28	1	0	0	0	0	1	0	0	0	0	0
DENND2A	0	0	0	0	0	0	0	0	0	1	0
DFNA5	1	0	0	1	0	1	0	1	0	0	0
DGKI	1	0	0	1	0	1	0	1	0	0	0
DGKZ	1	0	0	1	0	1	0	0	0	0	0
DHH	0	0	0	0	0	0	0	0	0	0	1
DHX35	0	1	0	0	0	0	0	0	0	0	0
DIRAS1	0	0	0	1	0	0	0	0	0	0	0
DLX1	0	0	0	1	0	0	0	0	0	0	0
DMTF1	1	0	0	0	0	0	0	0	0	0	0
DNAH1	0	0	0	0	0	0	0	0	0	1	1
DNAH10OS	0	0	0	0	1	0	0	0	0	0	0
DNAH11	0	0	0	1	0	0	0	0	0	0	0
DNAJA3	0	0	0	0	1	0	0	0	0	0	0
DNAJB4	0	0	0	0	0	0	0	0	0	0	1
DNAJC19	1	0	0	1	0	1	0	0	0	0	0
DND1	0	0	0	1	0	1	0	0	0	0	0
DNM1P41	1	0	0	1	0	0	0	0	0	0	0
DNM3	0	0	0	0	0	0	1	0	0	0	0
DNPH1	0	0	0	1	0	0	0	0	0	0	0
DOC2A	1	0	0	1	0	1	0	0	0	0	0
DOCK2	0	0	0	0	0	0	0	0	1	0	0
DOCK3	0	0	0	1	0	0	0	0	0	0	0
DOPEY1	1	0	0	0	0	0	0	1	0	0	0
DPEP2	1	0	0	0	0	1	0	0	0	0	0
DPEP2NB	1	0	0	0	0	0	0	0	0	0	0
DPEP3	1	0	0	0	0	1	0	0	0	0	0
DPP3	0	0	0	0	0	0	0	0	0	1	1
DPP4	0	0	0	0	0	1	0	0	0	0	0
DPYD	1	1	1	1	0	1	0	0	0	0	0
DPYD-AS1	1	0	0	0	0	0	0	0	0	0	0
DRAP1	0	0	0	0	0	0	0	0	0	1	0
DRC3	0	0	0	1	0	0	0	0	0	0	0
DRD2	1	0	0	1	0	1	0	0	0	0	0
DRG2	0	0	0	0	0	1	0	0	0	0	0
DUS2	1	0	0	0	0	1	0	0	0	0	0
DUSP26	0	0	0	1	0	0	0	0	0	0	0
DYNC1I2	0	0	0	1	0	0	0	0	0	0	0
ECM1	0	0	0	0	0	0	0	0	0	1	0
EDC4	1	0	0	0	0	1	0	0	0	0	0
EFHD1	1	0	0	1	0	1	0	0	0	0	0
EFTUD1P1	1	0	0	1	0	0	0	0	0	0	0
EGR1	0	0	0	1	0	1	0	0	0	0	0
EHBP1L1	1	0	0	0	0	0	0	0	0	0	0
EIF1AD	0	0	0	0	0	0	0	0	0	1	0
EIF2S3	0	0	0	0	0	0	1	0	0	0	0
EIF5B	0	0	0	0	0	0	0	0	0	0	1
ELAC2	0	0	0	0	1	0	0	0	0	0	0
ELAVL4	0	0	0	1	0	0	0	0	0	0	0
EMB	1	0	0	1	1	0	0	0	0	0	0
EMX1	1	0	0	1	1	0	0	0	0	0	0
ENKD1	1	0	0	0	0	1	0	0	0	0	0
ENOX1	0	0	0	0	1	0	0	0	0	0	0
ENST00000415686.1	0	1	0	0	0	0	0	0	0	0	0
ENST00000503048.1	0	1	0	0	0	0	0	0	0	0	0
ENST00000506902.1	0	1	0	0	0	0	0	0	0	0	0
ENST00000565991.1	0	1	0	0	0	0	0	0	0	0	0
EP300	1	0	0	1	0	1	0	0	0	0	0
EP300-AS1	1	0	0	1	0	0	0	0	0	0	0
EPB41	0	0	0	1	0	0	0	0	0	0	0
EPC2	0	0	0	0	0	1	0	0	0	0	0
EPHX2	1	0	0	1	0	1	0	0	0	0	0
EPM2AIP1	0	0	0	0	0	0	0	0	0	1	0
EPN2	1	0	0	0	1	0	0	0	0	0	0
EPN2-AS1	1	0	0	0	0	0	0	0	0	0	0
EPN2-IT1	1	0	0	0	0	0	0	0	0	0	0
ERBB2<U+00A0>	0	0	0	0	0	0	0	0	1	0	0
ERCC4	1	0	0	0	0	1	0	0	0	0	0
ESAM	1	0	0	1	1	1	0	0	0	0	0
ESRP2	1	0	0	0	0	1	0	0	0	0	0
ETF1	1	0	0	1	0	1	0	1	0	0	0
EXO1	0	1	0	0	0	0	0	0	0	0	0
EYS	0	0	0	1	1	0	0	0	0	0	0
F2	1	0	0	1	0	1	0	0	0	0	0
FADS1	0	0	0	0	0	0	0	0	0	1	0
FADS2	0	0	0	0	0	0	0	0	0	1	0
FADS2<U+00A0>	0	0	0	0	0	0	0	0	1	0	0
FADS3	0	0	0	1	0	0	0	0	0	1	0
FAM109B	1	0	0	0	0	1	0	0	0	0	0
FAM114A2	0	0	0	0	1	0	0	0	0	0	0
FAM120A	0	0	0	0	0	0	1	0	0	0	0
FAM178A	0	0	0	0	0	0	1	0	0	0	0
FAM178B	0	0	0	0	0	0	0	0	0	1	0
FAM216A	0	0	0	0	1	0	0	0	0	0	0
FAM53C	0	0	0	0	0	1	0	0	0	0	0
FAM57B	1	0	0	1	0	1	0	0	0	0	0
FAM73A	0	0	0	0	0	0	0	0	0	0	1
FAM83D	0	0	0	0	1	0	0	0	0	0	0
FAM83E	0	0	0	0	0	0	0	0	0	0	1
FANCI	0	0	0	1	0	0	0	0	0	0	0
FANCL	1	0	0	1	0	1	0	0	0	0	0
FBXO34	0	1	0	0	0	0	0	0	0	0	0
FEN1	0	0	0	0	0	0	0	0	0	1	0
FER1L5	0	0	0	0	0	0	0	0	0	0	1
FES	1	0	0	1	0	1	0	0	0	0	0
FGF21	0	0	0	0	0	0	0	0	0	0	1
FGFR1	1	0	0	0	0	0	0	0	0	0	0
FHIT	1	0	0	0	1	0	0	0	0	0	0
FKBP2	0	0	0	0	0	0	0	0	1	0	0
FONG	0	1	0	0	0	0	0	0	0	0	0
FOXG1	1	0	0	0	0	0	0	0	0	0	0
FOXN2	0	0	0	0	1	0	0	0	0	0	0
FOXO3	0	0	0	1	1	0	0	0	0	0	0
FOXP1	1	0	0	1	1	0	0	0	0	0	0
FRMD5	0	0	0	1	0	0	0	0	0	0	0
FRY	0	0	0	1	0	0	0	0	0	0	0
FSHB	1	0	0	0	0	0	0	0	0	0	0
FSTL5	0	0	0	0	0	0	0	0	0	1	1
FTCDNL1	1	0	0	1	0	0	0	0	0	0	0
FTH1	0	0	0	1	0	0	0	0	0	1	0
FTSJ2	0	0	0	0	1	0	0	0	0	0	1
FUBP1	0	0	0	0	0	0	0	0	0	0	1
FURIN	1	0	0	1	1	1	0	1	1	0	0
FUT1	0	0	0	0	0	0	0	0	0	0	1
FUT2	0	0	0	0	0	0	0	0	0	0	1
FUT9	0	0	0	1	0	1	0	0	0	0	0
FXR1	1	0	0	1	0	1	0	0	0	0	0
G6PC3	0	0	0	0	0	0	0	0	0	1	0
GABBR2	1	0	0	0	1	0	0	0	0	0	0
GAL3ST3	0	0	0	0	0	0	0	0	0	1	1
GALNT10	0	0	0	1	0	1	0	1	0	0	0
GANC	0	0	0	0	0	0	0	0	0	1	0
GATAD2A	1	0	0	0	1	1	0	1	0	1	0
GDPD3	1	0	0	1	0	1	0	0	0	0	0
GFOD2	1	0	0	0	0	1	0	0	0	0	0
GFRA3	0	0	0	0	0	1	0	0	0	0	0
GID4	1	0	0	1	0	1	0	1	0	0	0
GIGYF2	1	1	0	1	0	1	0	1	0	0	0
GIPC2	0	0	0	0	0	0	0	0	0	0	1
GLT8D1	0	0	0	1	0	1	0	0	0	1	1
GLYCTK	0	0	0	0	0	0	0	0	0	1	1
GMIP	0	0	0	0	0	0	0	0	0	1	0
GMP6A	0	1	0	0	0	0	0	0	0	0	0
GNAI2	0	0	0	1	0	0	0	0	0	0	0
GNAT1	0	0	0	1	0	0	0	0	0	0	0
GNG7	0	0	0	1	0	0	0	0	0	0	0
GNL3	0	0	1	1	0	1	0	0	0	1	1
GOLGA2P10	1	0	0	0	0	0	0	0	0	0	0
GOLGA2P7	1	0	0	1	0	0	0	0	0	0	0
GOLGA4	0	0	0	0	0	0	0	0	0	1	0
GOLGA6L10	1	0	0	0	0	0	0	0	0	0	0
GOLGA6L17P	1	0	0	0	0	0	0	0	0	0	0
GOLGA6L4	1	0	0	1	0	1	0	0	0	1	0
GOLGA6L5P	1	0	0	1	0	0	0	0	0	0	0
GOLGA6L9	1	0	0	0	0	0	0	0	0	0	0
GPM6A	1	0	0	1	1	1	0	0	0	0	0
GPR135	1	0	0	0	0	0	0	0	0	0	0
GPR20	0	0	0	0	0	0	0	0	0	0	1
GPR52	1	0	0	0	0	0	0	0	0	0	0
GRAMD1B	0	0	0	1	1	1	0	0	0	0	0
GRAPL	1	0	0	0	0	0	0	0	0	0	0
GRIA1	0	1	0	0	0	1	0	0	0	0	0
GRIA3	0	0	0	0	0	0	1	0	0	0	0
GRIN2A	1	0	0	1	1	1	1	1	0	1	0
GRIN2A<U+00A0>	0	0	0	0	0	0	0	0	1	0	0
GRM1	0	0	0	0	1	0	0	0	0	0	0
GRM2	0	0	0	1	0	0	0	0	0	0	0
GRM3	1	0	0	1	0	1	0	1	0	0	0
HACE1	0	0	0	1	0	0	0	0	0	0	0
HAPLN4	1	0	0	0	0	1	0	0	0	1	0
HARBI1	1	0	0	1	0	1	0	0	0	0	0
HARS	0	0	0	1	0	1	0	0	0	0	0
HARS2	0	0	0	1	0	1	0	0	0	0	0
HAT1	0	0	0	1	0	0	0	0	0	0	0
HAUS2	0	0	0	0	0	0	0	0	0	1	0
hCG_2032978	0	0	0	0	0	0	0	1	0	0	0
HCN1	1	0	0	1	0	1	0	0	0	0	0
HCN4	0	0	0	0	0	0	1	0	0	0	0
HDAC5	0	0	0	0	0	0	0	0	0	1	0
HDAC5<U+00A0>	0	0	0	0	0	0	0	0	1	0	0
HDDC3	0	0	0	1	0	0	0	0	0	0	0
HEMK1	0	0	0	1	0	0	0	0	0	0	0
HERC1	0	0	0	0	0	0	1	0	0	0	0
HHLA2	0	0	0	0	0	0	0	0	0	1	0
HIRIP3	1	0	0	1	0	1	0	0	0	0	0
HIST1H1E	0	0	0	0	0	0	1	0	0	0	0
HIST1H2BL	0	0	1	0	0	0	0	0	0	0	0
HLA-DRB9	0	1	0	0	0	0	0	0	0	0	0
HMOX2	0	1	0	0	0	0	0	0	0	0	0
HOMER1	0	0	0	0	0	0	0	0	1	0	0
HOMER2	0	0	0	0	0	0	0	0	1	0	0
HS3ST5	1	0	0	0	0	0	0	0	0	0	0
HSPA9	1	0	0	1	0	1	0	0	0	0	0
HSPD1	1	0	0	1	0	1	0	0	0	0	0
HSPE1	1	0	0	1	0	1	0	0	0	0	0
HSPE1-MOB4	1	0	0	1	0	0	0	0	0	0	0
HYAL1	0	0	0	1	0	0	0	0	0	0	0
HYAL2	0	0	0	1	0	0	0	0	0	0	0
HYAL3	0	0	0	1	0	0	0	0	0	0	0
HYDIN	1	0	0	0	0	0	0	0	0	0	0
HYI	0	0	0	0	1	0	0	0	0	0	0
HYKK	1	0	0	1	0	1	0	0	0	0	0
IFRD2	0	0	0	1	0	0	0	0	0	0	0
IFT57	0	0	0	0	0	0	0	0	0	1	0
IGF2BP3	0	0	0	1	0	0	0	0	0	0	0
IGSF9B	1	0	0	1	0	1	0	1	0	0	0
IK	0	0	0	1	0	1	0	0	0	0	0
IL1RAPL1	0	0	0	0	1	0	0	0	0	0	0
IL31	0	0	0	1	0	0	0	0	0	0	0
IMMP2L	1	0	0	1	1	1	0	1	0	0	0
INA	1	0	0	1	0	1	0	0	0	0	0
INO80E	1	0	0	1	1	1	0	0	0	0	0
INPP4B	1	0	0	0	0	0	0	0	0	0	0
Intergenic	0	1	0	0	0	0	0	0	1	0	0
IQCF1	0	0	0	1	0	0	0	0	0	0	0
IQCF2	0	0	0	1	0	0	0	0	0	0	0
IQCF3	0	0	0	1	0	0	0	0	0	0	0
IQCF4	0	0	0	1	0	0	0	0	0	0	0
IQCF5	0	0	0	1	0	0	0	0	0	0	0
IQCF5-AS1	0	0	0	1	0	0	0	0	0	0	0
IQCF6	0	0	0	1	0	0	0	0	0	0	0
IREB2	1	0	0	1	0	1	0	0	0	0	0
IRF3	1	0	0	0	1	0	0	0	0	0	0
ITIH1	0	0	0	1	0	1	0	1	0	1	1
ITIH1<U+00A0>	0	0	0	0	0	0	0	0	1	0	0
ITIH3	0	1	1	1	0	1	0	1	0	1	1
ITIH4	0	0	1	1	0	1	0	0	0	1	1
ITIH4-AS1	0	0	0	1	0	0	0	0	0	0	0
IZUMO1	0	0	0	0	0	0	0	0	0	0	1
JKAMP	1	0	0	0	0	0	0	0	0	0	0
KANSL1	0	0	0	0	1	0	0	0	0	0	0
KANSL3	0	0	0	0	0	0	0	0	0	1	0
KAT5	1	0	0	0	0	0	0	0	0	0	0
KCNB1	0	0	0	1	0	1	0	0	1	0	0
KCNG2	1	0	0	1	0	0	0	0	0	0	0
KCNJ11	0	0	1	0	0	0	0	0	0	0	0
KCNJ13	1	0	0	1	0	1	0	0	0	0	0
KCNK7	1	0	0	0	0	0	0	0	0	0	0
KCNS1	0	0	0	0	0	0	0	0	0	1	0
KCNV1	1	0	0	0	0	1	0	0	0	0	0
KCTD13	1	0	0	1	0	1	0	0	0	0	0
KDM3B	0	0	0	0	0	1	0	1	1	0	0
KDM4A	1	0	0	1	0	1	0	0	0	0	0
KDM4A-AS1	0	0	0	1	0	0	0	0	0	0	0
KDM6B	0	0	0	0	0	0	1	0	0	0	0
KIAA1109	0	0	0	0	0	0	0	0	1	0	0
KIAA1324L	1	0	0	1	0	0	0	0	0	0	0
KIAA1549	0	0	0	0	1	0	0	0	0	0	0
KLC1	0	1	0	0	0	1	0	1	0	0	0
KLC2	0	0	0	0	0	0	0	0	0	1	1
KLF10	0	0	0	1	0	0	0	0	0	0	0
KLF6	0	0	0	1	1	0	0	0	0	0	0
KMT2E	1	0	0	1	0	0	0	0	0	1	0
KMT2E-AS1	1	0	0	1	0	0	0	0	0	0	0
KMT5A	0	0	0	1	0	0	0	0	0	0	0
L3HYPDH	1	0	0	0	0	0	0	0	0	0	0
L3MBTL2	1	0	0	1	0	1	0	0	0	0	0
LBA1	0	0	0	0	0	0	0	0	0	0	1
LCAT	1	0	0	0	0	1	0	0	0	0	0
LETM2	1	0	0	0	0	0	0	0	0	0	0
LHFPL3	0	0	0	1	0	0	0	0	0	1	0
LHFPL3-AS2	0	0	0	1	0	0	0	0	0	0	0
LIN28B	0	0	0	1	0	0	0	0	0	0	0
LIN28B-AS1	0	0	0	1	0	0	0	0	0	0	0
LINC00051	1	0	0	1	0	0	0	0	0	0	0
LINC00374	0	0	0	1	0	0	0	0	0	0	0
LINC00461	1	0	0	0	0	0	0	0	0	0	0
LINC00533	0	0	0	0	0	0	0	1	0	0	0
LINC00606	1	0	0	0	0	0	0	0	0	0	0
LINC00634	1	0	0	0	0	0	0	0	0	0	0
LINC00637	1	0	0	0	0	0	0	0	0	0	0
LINC00862	1	0	0	0	0	0	0	0	0	0	0
LINC00933	1	0	0	1	0	0	0	0	0	0	0
LINC01004	1	0	0	1	0	0	0	0	0	0	0
LINC01102	0	0	0	1	0	0	0	0	0	0	0
LINC01288	1	0	0	1	0	0	0	0	0	0	0
LINC01415	0	0	0	1	0	0	0	0	0	0	0
LINC01416	1	0	0	1	0	0	0	0	0	0	0
LINC01470	1	0	0	0	0	0	0	0	0	0	0
LINC01539	1	0	0	0	0	0	0	0	0	0	0
LINC01645	0	0	0	1	0	0	0	0	0	0	0
LINC01648	1	0	0	1	0	0	0	0	0	0	0
LINC01720	1	0	0	0	0	0	0	0	0	0	0
LINC01748	0	0	0	0	0	0	0	0	1	0	0
LINC01761	1	0	0	0	0	0	0	0	0	0	0
LINC01795	0	0	0	1	0	0	0	0	0	0	0
LINC01831	0	0	0	1	0	0	0	0	0	0	0
LINC01884	1	0	0	0	0	0	0	0	0	0	0
LINC01930	0	0	0	1	0	0	0	0	0	0	0
LINC02033	0	0	0	1	0	0	0	0	0	0	0
LINC02057	0	0	0	1	0	0	0	0	0	0	0
LINC02060	1	0	0	0	0	0	0	0	0	0	0
LINC02264	0	0	0	1	0	0	0	0	0	0	0
LINC02267	0	0	0	1	0	0	0	0	0	0	0
LINC02338	0	0	0	1	0	0	0	0	0	0	0
LINC02484	0	0	0	1	0	0	0	0	0	0	0
LIPT1	0	0	0	0	0	0	0	0	0	0	1
LMAN2L	0	0	0	0	0	0	0	1	0	1	1
LMAN2L<U+00A0>	0	0	0	0	0	0	0	0	1	0	0
LMBR1L	0	0	0	0	0	0	0	0	0	0	1
LOC100128239	0	0	0	1	0	0	0	0	0	0	0
LOC100287010	0	0	0	1	0	0	0	0	0	0	0
LOC100506472	1	0	0	0	0	0	0	0	0	0	0
LOC100506691	0	0	0	1	0	0	0	0	0	0	0
LOC100507431	0	0	0	1	0	0	0	0	0	0	0
LOC101927295	1	0	0	0	0	0	0	0	0	0	0
LOC101927539	0	0	0	1	0	0	0	0	0	0	0
LOC101927839	1	0	0	1	0	0	0	0	0	0	0
LOC101928595	0	0	0	1	0	0	0	0	0	0	0
LOC101928622	0	0	0	1	0	0	0	0	0	0	0
LOC101928782	1	0	0	0	0	0	0	0	0	0	0
LOC101928812	0	0	0	1	0	0	0	0	0	0	0
LOC101928882	1	0	0	1	0	0	0	0	0	0	0
LOC101929340	0	0	0	1	0	0	0	0	0	0	0
LOC101929592	0	0	0	1	0	0	0	0	0	0	0
LOC101929721	0	0	0	1	0	0	0	0	0	0	0
LOC102724034	1	0	0	1	0	0	0	0	0	0	0
LOC102724552	0	0	0	1	0	0	0	0	0	0	0
LOC102724623	0	0	0	1	0	0	0	0	0	0	0
LOC103171574	1	0	0	1	0	0	0	0	0	0	0
LOC103611081	0	0	0	1	0	0	0	0	0	0	0
LOC105371433	0	0	0	1	0	0	0	0	0	0	0
LOC105376360	0	0	0	1	0	0	0	0	0	0	0
LOC105377879	0	0	0	1	0	0	0	0	0	0	0
LOC283045	0	0	0	1	0	0	0	0	0	0	0
LOC283177	1	0	0	0	0	0	0	0	0	0	0
LOC338963	1	0	0	0	0	0	0	0	0	0	0
LOC388436	1	0	0	0	0	0	0	0	0	0	0
LOC440300	1	0	0	1	0	0	0	0	0	0	0
LOC440957	0	0	0	0	0	0	0	0	0	0	1
LOC642423	0	0	0	1	0	0	0	0	0	0	0
LOC723809	0	1	0	0	0	0	0	0	0	0	0
LOC727751	1	0	0	0	0	0	0	0	0	0	0
LOC731779	0	0	0	0	0	0	0	0	0	0	1
LOC79999	1	0	0	0	0	0	0	0	0	0	0
LPAR2	0	0	0	0	0	0	0	0	0	1	0
LRFN4	0	0	0	0	0	0	0	0	0	1	1
LRP1	1	0	0	1	0	1	0	0	0	0	0
LRRC43	0	0	0	1	0	0	0	0	0	0	0
LRRC48	1	0	0	0	0	1	0	0	0	0	0
LRRC4B	0	0	0	0	1	0	0	0	0	0	0
LRRC57	0	0	0	0	0	0	0	0	0	1	0
LRRFIP2	0	0	0	0	0	0	0	0	0	1	0
LRRIQ3	0	0	0	0	0	1	0	0	0	0	0
LSM1	1	0	0	0	1	0	0	0	0	0	0
LSM12	0	0	0	0	0	0	0	0	0	1	0
LSMEM2	0	0	0	1	0	0	0	0	0	0	0
LUZP2	1	0	0	0	0	1	0	0	0	0	0
LYG1	0	0	0	0	0	0	0	0	0	0	1
LYG2	0	0	0	0	0	0	0	0	0	0	1
MAD1L1	1	1	1	1	1	1	0	1	0	0	1
MAD1L1<U+00A0>	0	0	0	0	0	0	0	0	1	0	0
MAGEC1	0	0	0	0	0	0	1	0	0	0	0
MAGI2	0	0	0	1	0	0	1	0	0	0	0
MAIP1	0	0	0	1	0	0	0	0	0	0	0
MAK16	0	0	0	1	0	0	0	0	0	0	0
MAMSTR	0	0	0	0	0	0	0	0	0	0	1
MAN2A1	0	0	0	1	1	1	0	0	0	0	0
MAN2A2	1	0	0	1	0	1	0	0	0	0	0
MANF	0	0	0	1	0	0	0	0	0	0	0
MAP3K11	1	0	0	0	0	0	0	0	0	0	0
MAPK10	0	0	0	0	0	0	0	0	0	0	1
MAPK3	1	0	0	1	1	1	0	0	0	0	0
MAPKAPK3	0	0	0	1	0	0	0	0	0	0	0
MAPT	0	0	0	0	1	0	0	0	0	0	0
MARS2	1	0	0	1	0	1	0	0	0	0	0
MAU2	1	0	0	0	0	1	0	0	0	1	0
"MAU2,"	0	1	0	0	0	0	0	0	0	0	0
MCL1	0	0	0	0	0	0	0	0	0	1	0
MDFIC2	0	0	0	0	0	0	0	0	1	0	0
MDK	1	0	0	1	0	1	0	0	0	0	0
MEAT6	0	0	0	1	0	0	0	0	0	0	0
MED19	1	0	0	1	0	1	0	0	0	0	0
MEF2B	0	0	0	0	0	0	0	0	0	1	0
MEF2BNB	0	0	0	0	0	0	0	0	0	1	0
MEF2BNB-MEF2B	0	0	0	0	0	0	0	0	0	1	0
MEF2C	1	0	0	0	0	1	0	0	0	0	0
MEF2C-AS1	1	0	0	0	0	0	0	0	0	0	0
METAP1D	0	0	0	1	0	0	0	0	0	0	0
MGAT3	1	0	0	0	0	0	0	0	0	0	0
MGAT4A	0	0	0	0	0	0	0	0	0	0	1
MGC27382	0	0	0	0	0	0	0	0	0	0	1
MHC	1	0	0	0	0	1	0	0	1	0	0
MICU3	0	0	0	1	0	0	0	0	0	0	0
MIEF1	0	0	0	1	0	0	0	0	0	0	0
MINDY2	0	0	0	1	0	0	0	0	0	0	0
MIR1183	0	0	0	1	0	0	0	0	0	0	0
MIR1228	0	0	0	1	0	0	0	0	0	0	0
miR124-1	0	0	0	0	0	0	0	0	1	0	0
MIR124-2	0	0	0	1	0	0	0	0	0	0	0
MIR124-2HG	0	0	0	1	0	0	0	0	0	0	0
MIR1281	1	0	0	1	0	0	0	0	0	0	0
MIR1284	1	0	0	1	0	0	0	0	0	0	0
MIR1294	0	0	0	1	0	0	0	0	0	0	0
MIR130A	1	0	0	1	0	0	0	0	0	0	0
MIR137	1	1	1	1	0	1	0	0	0	0	0
MIR137HG	1	0	0	1	0	0	0	1	0	0	0
MIR2682	1	0	0	1	0	0	0	0	0	0	0
MIR3160-1	1	0	0	1	0	0	0	0	0	0	0
MIR3160-2	1	0	0	1	0	0	0	0	0	0	0
MIR33A	1	0	0	0	0	0	0	0	0	0	0
MIR33B	1	0	0	1	0	0	0	0	0	0	0
MIR3655	0	0	0	1	0	0	0	0	0	0	0
MIR3679	0	0	0	1	0	0	0	0	0	0	0
MIR4301	1	0	0	1	0	0	0	0	0	0	0
MIR4304	1	0	0	1	0	0	0	0	0	0	0
MIR4472-1	1	0	0	0	0	0	0	0	0	0	0
MIR4489	1	0	0	0	0	0	0	0	0	0	0
MIR4655	1	0	0	1	0	0	0	0	0	0	0
MIR4677	1	0	0	0	0	0	0	0	0	0	0
MIR4688	1	0	0	1	0	0	0	0	0	0	0
MIR4690	1	0	0	0	0	0	0	0	0	0	0
MIR4697	0	0	0	1	0	0	0	0	0	0	0
MIR4697HG	0	0	0	1	0	0	0	0	0	0	0
MIR4787	0	0	0	1	0	0	0	0	0	0	0
MIR5088	1	0	0	0	0	0	0	0	0	0	0
MIR548AI	1	0	0	0	0	0	0	0	0	0	0
MIR548AJ2	1	0	0	0	0	1	0	0	0	0	0
MIR5582	0	0	0	1	0	0	0	0	0	0	0
MIR5586	0	0	0	1	0	0	0	0	0	0	0
MIR566	0	0	0	1	0	0	0	0	0	0	0
MIR5787	0	0	0	1	0	0	0	0	0	0	0
MIR6746	0	0	0	1	0	0	0	0	0	0	0
MIR6766	0	0	0	1	0	0	0	0	0	0	0
MIR6773	1	0	0	0	0	0	0	0	0	0	0
MIR6777	1	0	0	1	0	0	0	0	0	0	0
MIR6843	1	0	0	1	0	0	0	0	0	0	0
MIR6872	0	0	0	1	0	0	0	0	0	0	0
MIR6889	1	0	0	1	0	0	0	0	0	0	0
MIR7850	0	0	0	1	0	0	0	0	0	0	0
MIR8064	0	0	0	1	0	0	0	0	0	0	0
MIR8072	1	0	0	1	0	0	0	0	0	0	0
MIR9-2	1	0	0	0	0	0	0	0	0	0	0
MIR9-3	0	0	0	1	0	0	0	0	0	0	0
MIR9-3HG	0	0	0	1	0	0	0	0	0	0	0
MITD1	0	0	0	0	0	0	0	0	0	0	1
MLH1	0	0	0	0	0	0	0	0	0	1	0
MLL2	0	0	0	0	0	0	0	0	0	0	1
MLL5	0	0	0	0	0	1	0	0	0	0	0
MLXIP	0	0	0	1	1	0	0	0	0	0	0
MMP16	1	1	1	1	0	1	0	0	0	0	0
MOB4	1	0	0	1	1	0	0	0	0	0	0
MORN1	0	0	0	1	0	0	0	0	0	0	0
MPHOSPH9	1	0	0	1	0	1	0	1	0	0	0
MPP6	1	0	0	1	0	1	0	0	1	0	0
MPPED2	1	0	0	0	0	0	0	0	0	0	0
MRPL11	0	0	0	0	0	0	0	0	0	1	1
MRPL30	0	0	0	0	0	0	0	0	0	0	1
MRPS21	0	0	0	0	0	0	0	0	0	1	0
MRPS33	0	0	0	0	0	0	0	0	0	1	0
MRPS33<U+00A0>	0	0	0	0	0	0	0	0	1	0	0
MSANTD2	1	0	0	1	0	1	0	0	0	0	0
MSI2	0	0	0	1	1	0	0	0	0	0	0
MSL2	1	0	0	1	0	1	0	0	0	0	0
MSRA	1	0	0	1	0	0	0	0	1	0	0
MTMR11	0	0	0	0	0	0	0	0	0	1	0
MUSTN1	0	0	0	1	0	1	0	0	0	1	1
MXI1	0	0	0	0	0	0	0	0	0	1	0
MYO15A	0	0	0	0	0	1	0	0	0	0	0
MYO1A	0	0	0	0	0	1	0	0	0	0	0
MYRF	0	0	0	0	0	0	0	0	0	1	0
MYT1L	0	0	0	0	1	0	0	0	0	0	0
NAB2	1	0	0	0	1	1	0	1	0	0	0
NAGA	1	0	0	0	0	1	0	0	0	0	0
NAGS	0	0	0	0	0	0	0	0	0	1	0
NAT6	0	0	0	1	0	0	0	0	0	0	0
NAT8	1	0	0	0	0	0	0	0	0	0	0
NCAN	1	0	0	0	0	1	0	1	0	1	0
NCK1	1	0	0	1	0	1	0	0	0	0	0
NCK1-AS1	1	0	0	1	0	0	0	0	0	0	0
NDFIP2	1	0	0	0	1	0	0	0	0	0	0
NDFIP2-AS1	1	0	0	0	0	0	0	0	0	0	0
NDRG4	1	0	0	0	0	0	0	0	0	0	0
NDST3	0	0	0	1	0	0	0	0	0	0	0
NDUFA13	1	0	0	0	0	1	0	0	0	1	0
NDUFA2	0	0	0	1	0	1	0	0	0	0	0
NDUFA4L2	1	0	0	1	0	1	0	0	0	0	0
NDUFA6	1	0	0	0	0	1	0	0	0	0	0
NDUFA6-AS1	1	0	0	0	0	0	0	0	0	0	0
NDUFAF3	0	1	0	0	0	0	0	0	0	0	0
NDUFB2	0	0	0	0	0	0	0	0	0	1	0
NEBL	0	0	0	0	1	0	0	0	0	0	0
NEGR1	0	0	0	0	1	0	0	0	0	0	0
NEK1	1	1	0	1	0	1	0	0	0	0	0
NEK4	0	0	1	1	0	1	0	0	0	1	1
NEURL	0	0	0	0	0	0	0	0	0	0	1
NEXN	0	0	0	0	0	0	0	0	0	0	1
NFATC3	1	0	0	0	0	1	0	0	0	0	0
NFIX	0	0	0	0	0	0	0	0	0	0	1
NGEF	1	0	0	1	0	1	0	1	0	0	0
NGF	0	0	0	0	0	0	0	0	0	0	1
NISCH	0	0	0	1	0	1	0	0	0	1	1
NLGN4X	1	0	0	0	1	1	0	0	0	0	0
NMB	1	0	0	1	0	0	0	0	0	1	0
NOP56P1	0	0	0	0	0	0	0	1	0	0	0
NOS1	0	0	0	1	0	0	0	0	0	0	0
NOSIP	0	0	0	0	0	1	0	0	0	0	0
NPAS4	0	0	0	0	0	0	0	0	0	1	1
NPRL2	0	0	0	1	0	0	0	0	0	0	0
NR2C2AP	0	0	0	0	0	0	0	0	0	1	0
NR3C2	0	0	0	0	0	0	1	0	0	0	0
NRGN	1	0	1	1	0	1	0	1	0	0	0
NRIP1	0	0	0	1	1	0	0	0	0	0	0
NRN1L	1	0	0	0	0	1	0	0	0	0	0
NT5C2	1	1	1	1	0	1	0	0	0	0	0
NT5DC2	0	0	0	1	0	1	0	0	0	1	1
NTN5	0	0	0	0	0	0	0	0	0	0	1
NUDT1	0	0	0	0	0	0	0	0	0	0	1
NUF2	0	0	0	0	0	0	0	0	1	0	0
NUTF2	1	0	0	0	0	1	0	0	0	0	0
NXPH1	0	0	0	0	1	0	0	0	0	0	0
NXPH4	1	0	0	1	0	1	0	0	0	0	0
ODZ4	0	0	0	0	0	0	0	0	0	0	1
ODZ4<U+00A0>	0	0	0	0	0	0	0	0	1	0	0
OGFOD2	1	0	0	1	0	1	0	0	0	0	0
OGFRP1	1	0	0	0	0	0	0	0	0	0	0
OPCML	1	0	0	1	1	0	0	0	0	0	0
OPRD1	0	0	0	1	0	0	0	0	0	0	0
OR4P4	0	0	0	0	0	0	1	0	0	0	0
OSBPL10	0	0	0	1	0	0	0	0	0	0	0
OSBPL2	0	0	0	0	0	0	0	0	1	0	0
OSBPL3	0	0	0	1	0	1	0	0	0	0	0
OTOL1	1	0	0	0	0	0	0	0	0	0	0
OTUD7B	1	0	0	1	0	1	0	0	0	1	0
P2RX4	0	0	0	1	0	0	0	0	0	0	0
P2RX7	0	0	0	1	0	0	0	0	0	0	0
PABPC1L	0	0	0	0	0	0	0	0	0	1	0
PACS1	0	0	0	0	0	0	0	1	0	1	1
PACS1<U+00A0>	0	0	0	0	0	0	0	0	1	0	0
PAK6	1	0	0	0	1	1	0	0	0	0	0
PANK4	0	0	0	1	0	0	0	0	0	0	0
PARD6A	1	0	0	0	0	1	0	0	0	0	0
PBRM1	0	0	0	1	0	1	0	0	0	1	1
PBX4	1	0	0	0	0	1	0	0	0	1	0
PC	0	0	0	0	0	0	0	1	0	1	1
PC<U+00A0>	0	0	0	0	0	0	0	0	1	0	0
PCCB	1	0	0	1	1	1	0	0	0	0	0
PCDH17	0	0	0	1	0	0	0	0	0	0	0
PCDHA1	0	0	0	1	0	1	0	0	0	0	0
PCDHA10	0	0	0	1	0	1	0	0	0	0	0
PCDHA11	0	0	0	1	0	0	0	0	0	0	0
PCDHA12	0	0	0	1	0	0	0	0	0	0	0
PCDHA13	0	0	0	1	0	0	0	0	0	0	0
PCDHA2	0	0	0	1	1	1	0	0	0	0	0
PCDHA3	0	0	0	1	0	1	0	0	0	0	0
PCDHA4	0	0	0	1	0	1	0	0	0	0	0
PCDHA5	0	0	0	1	0	1	0	0	0	0	0
PCDHA6	0	0	0	1	0	1	0	0	0	0	0
PCDHA7	0	0	0	1	0	1	0	0	0	0	0
PCDHA8	0	0	0	1	1	1	0	0	0	0	0
PCDHA9	0	0	0	1	0	1	0	0	0	0	0
PCGEM1	0	0	1	0	0	1	0	0	1	0	0
PCGF3	0	0	0	0	1	0	0	0	0	0	0
PCGF6	1	0	0	1	0	1	0	0	0	0	0
PCNX1	0	0	0	1	0	0	0	0	0	0	0
PCNXL3	1	0	0	0	1	0	0	0	0	0	0
PDCD11	0	0	0	0	0	1	0	0	0	0	0
PDE4B	1	0	0	1	1	0	0	0	0	0	0
PDE8A	0	0	0	0	0	0	0	0	0	1	0
PDIA3	0	0	0	0	1	0	0	0	0	0	0
PEG10	0	0	0	1	0	0	0	0	0	0	0
PELI3	0	0	0	0	0	0	0	0	0	1	1
PEX10	0	0	0	1	0	0	0	0	0	0	0
PGM3	1	0	0	0	0	0	0	0	0	0	0
PHF7	0	0	0	0	0	0	0	0	0	1	1
PI3	0	0	0	0	0	0	0	0	0	1	0
PIK3C2A	0	1	1	0	0	0	0	0	0	0	0
PIN4P1	0	0	0	1	0	0	0	0	0	0	0
PITPNM2	1	0	0	1	0	1	0	0	0	0	0
PITPNM2-AS1	1	0	0	1	0	0	0	0	0	0	0
PJA1	1	0	0	0	1	1	0	0	0	0	0
PLA2G15	1	0	0	0	0	1	0	0	0	0	0
PLA2G4D	0	0	0	0	0	0	0	0	0	1	0
PLA2G4F	0	0	0	0	0	0	0	0	0	1	0
PLCB2	1	0	0	0	0	1	0	0	0	0	0
PLCH2	1	0	0	1	1	1	0	0	0	0	0
PLCL1	1	0	0	1	0	1	0	0	0	0	0
PLCL2	1	0	0	0	0	0	0	0	0	0	0
PLEC	0	0	0	0	0	0	0	0	1	0	0
PLEKHO1	1	0	0	1	0	1	0	0	0	1	0
PLXNA4	0	0	0	0	0	0	0	0	1	0	0
POC1A	0	0	0	0	0	0	0	0	0	1	0
PODXL	0	0	0	0	0	1	0	0	0	0	0
POLG	0	0	0	1	0	0	0	0	0	0	0
POU3F2<U+00A0>	0	0	0	0	0	0	0	0	1	0	0
PPAPDC1B	1	0	0	0	0	0	0	0	0	0	0
PPARGC1A	0	0	0	1	0	0	0	0	0	0	0
PPM1M	0	0	0	0	0	0	0	0	0	1	1
PPP1R13B	1	0	0	0	0	1	0	1	0	0	0
PPP1R16B	1	0	0	1	0	1	0	1	0	0	0
PPP2R2A	1	0	0	1	0	0	0	0	0	0	0
PPP2R2B	0	0	0	1	0	0	0	0	0	0	0
PPP2R3A	1	0	0	1	0	1	0	0	0	0	0
PPP4C	1	0	0	1	0	1	0	0	0	0	0
PQLC1	0	0	0	1	0	0	0	0	0	0	0
PRDM11	0	0	0	1	0	0	0	0	0	0	0
PRDM14	0	1	0	0	0	0	0	0	0	0	0
PREP	0	0	0	0	0	0	1	0	0	0	0
PRKAG1	0	0	0	0	0	0	0	0	0	0	1
PRKCB	1	0	0	0	0	0	0	0	0	0	0
PRKCD	0	0	0	0	0	0	0	0	0	1	1
PRKD1	1	0	0	1	0	1	0	1	0	0	0
PRKG1	0	0	0	1	0	0	0	0	0	0	0
PRMT1	1	0	0	0	0	0	0	0	0	0	0
PRPF3	0	0	0	0	0	0	0	0	0	1	0
PRR12	1	0	0	0	0	1	0	0	0	0	0
PRRG2	1	0	0	0	0	1	0	0	0	0	0
PRSS35	0	0	0	1	0	0	0	0	0	0	0
PSD3	1	0	0	1	0	0	0	0	0	0	0
PSKH1	1	0	0	0	0	1	0	0	0	0	0
PSMA4	1	0	0	1	1	1	0	0	0	0	0
PSMB10	1	0	0	0	0	1	0	0	0	0	0
PSMD6	1	0	0	1	0	1	0	0	0	0	0
PSMD6-AS2	1	0	0	1	0	0	0	0	0	0	0
PTBP2	0	0	0	1	0	0	0	0	0	0	0
PTGIS	0	0	0	1	0	1	0	0	0	0	0
PTK2B	1	0	0	0	0	0	0	0	0	0	0
PTK7	0	0	0	1	0	0	0	0	0	0	0
PTN	1	0	0	1	0	1	0	0	0	0	0
PTPRF	1	0	0	1	0	1	0	0	0	0	0
PTPRK	1	0	0	0	1	0	0	0	0	0	0
PTPRT	0	0	0	0	0	0	0	0	0	0	1
PUS7	0	0	0	1	0	1	0	0	0	1	0
PYY	0	0	0	0	0	0	0	0	0	1	0
QPCT	0	1	0	0	0	0	0	0	0	0	0
R3HDM2	1	0	0	1	1	1	0	0	0	0	0
RAB1B	0	0	0	0	0	0	0	0	0	1	1
RAB3IL1	0	0	0	1	0	0	0	0	0	1	0
RABGAP1L	1	0	0	0	0	0	0	0	0	0	0
RAD54L2	0	0	0	1	0	0	0	0	0	0	0
RAI1	1	0	0	1	0	1	0	0	0	0	0
RALGAPA2	1	0	0	0	0	0	0	0	0	0	0
RALGPS1	0	0	0	1	0	0	0	0	0	0	0
RANBP10	1	0	0	0	0	1	0	0	0	0	0
RANGAP1	1	0	0	1	0	1	0	0	0	0	0
RASIP1	0	0	0	0	0	0	0	0	0	0	1
RASSF1	0	0	0	1	0	0	0	0	0	0	0
RASSF1-AS1	0	0	0	1	0	0	0	0	0	0	0
RB1CC1	0	0	0	0	0	0	1	0	0	0	0
RBFOX1	1	0	0	0	0	0	0	0	0	0	0
RBM14	0	0	0	0	0	0	0	0	0	1	1
RBM14-RBM4	0	0	0	0	0	0	0	0	0	1	0
RBM15B	0	0	0	1	0	0	0	0	0	0	0
RBM26	1	0	0	0	0	0	0	0	0	0	0
RBM26-AS1	1	0	0	0	0	0	0	0	0	0	0
RBM4	0	0	0	0	0	0	0	0	0	1	1
RBM4B	0	0	0	0	0	0	0	0	0	1	1
RBM6	0	0	0	0	0	0	0	1	0	0	0
RBX1	0	0	0	1	0	0	0	0	0	0	0
RC3H1	1	0	0	0	0	0	0	0	0	0	0
RCE1	0	0	0	0	0	0	0	0	0	1	1
RCN3	0	0	0	0	0	1	0	0	0	0	0
RD3L	1	0	0	0	0	0	0	0	0	0	0
REEP2	0	0	0	0	0	1	0	0	0	0	0
RELA	1	0	0	0	0	0	0	0	0	0	0
RER1	0	0	0	1	0	0	0	0	0	0	0
RERE	1	0	0	1	1	1	0	0	0	0	0
REV1	0	0	0	0	0	0	0	0	0	0	1
RFT1	1	0	0	0	0	0	0	0	0	1	1
RFTN2	1	0	0	1	0	1	0	0	0	0	0
RFXANK	0	0	0	0	0	0	0	0	0	1	0
RGS6	1	0	0	1	0	0	0	1	0	0	0
RHEBL1	0	0	0	0	0	0	0	0	0	0	1
RILPL2	1	0	0	1	0	1	0	0	0	0	0
RIMS1	1	0	0	0	0	1	0	0	0	1	0
RIN1	0	0	0	0	0	0	0	0	0	1	1
RLTPR	1	0	0	0	0	0	0	0	0	0	0
RNASEH2C	1	0	0	0	1	0	0	0	0	0	0
RND1	0	0	0	0	0	0	0	0	0	0	1
RNF111	0	0	0	1	0	0	0	0	0	0	0
RNF122	0	0	0	1	0	0	0	0	0	0	0
RNU6-2	0	0	0	1	0	0	0	0	0	0	0
RP1-84O15.2<U+00A0>(lincRNA)	0	0	0	0	0	0	0	0	1	0	0
RP11-73M18.2	0	0	0	0	1	0	0	0	0	0	0
RPEL1	1	0	0	1	0	0	0	0	0	0	0
RPL13	0	0	0	0	0	0	0	0	1	0	0
RPL18	0	0	0	0	0	0	0	0	0	0	1
RPRD2	0	0	0	0	0	0	0	0	0	1	0
RPS17	1	0	0	0	0	0	0	0	0	0	0
RPS19BP1	1	0	0	1	0	0	0	0	0	0	0
RPS2P32	0	0	0	1	0	0	0	0	0	0	0
RPS6KA2	0	0	0	0	0	0	0	0	0	1	0
RPS6KA2<U+00A0>	0	0	0	0	0	0	0	0	1	0	0
RPSAP2	0	0	0	0	0	0	0	1	0	0	0
RPTOR	1	0	0	0	0	0	0	0	0	0	0
RRAS	1	0	0	0	0	1	0	0	0	0	0
RRP9	0	0	0	1	0	0	0	0	0	0	0
RTKN2	0	0	0	1	0	0	0	0	0	0	0
RTN1	0	0	0	1	0	0	0	0	0	0	0
RTN4RL1	0	1	0	0	0	0	0	0	1	0	0
RUNDC3A	0	0	0	0	0	0	0	0	0	1	0
RWDD2A	1	0	0	0	0	0	0	0	0	0	0
SART1	0	0	0	0	0	0	0	0	0	1	0
SATB2	1	1	0	0	0	1	0	1	0	0	0
SBNO1	1	0	0	1	0	1	0	0	0	0	0
SCAF1	1	0	0	0	0	1	0	0	0	0	0
SCAND2P	1	0	0	1	0	0	0	0	0	0	0
SCARA3	0	0	0	1	0	0	0	0	0	0	0
SCN2A	0	0	0	0	0	0	0	0	0	1	0
SCN2A<U+00A0>	0	0	0	0	0	0	0	0	1	0	0
SCN3A	0	0	0	0	0	0	0	0	0	1	0
SDAD1P1	0	0	0	1	0	0	0	0	0	0	0
SDCCAG8	1	1	0	1	0	1	0	1	0	0	0
SEC1	0	0	0	0	0	0	0	0	0	0	1
SEC11A	1	0	0	1	0	0	0	0	0	1	0
SELENOH	0	0	0	1	0	0	0	0	0	0	0
SEMA3B	0	0	0	1	0	0	0	0	0	0	0
SEMA3B-AS1	0	0	0	1	0	0	0	0	0	0	0
SEMA3F	0	0	0	1	0	0	0	0	0	0	0
SEMA3F-AS1	0	0	0	1	0	0	0	0	0	0	0
SEMA3G	0	0	0	0	0	0	0	0	0	1	1
SEMA4C	0	0	0	0	0	0	0	0	0	1	0
SEMA6D	1	0	0	0	0	0	0	0	0	0	0
SEMG1	0	0	0	0	0	0	0	0	0	1	0
SEMG2	0	0	0	0	0	0	0	0	0	1	0
SEPT3	1	0	0	0	0	1	0	0	0	0	0
SERPINC1	1	0	0	0	0	0	0	0	0	0	0
SERPING1	1	0	0	1	0	1	0	0	0	0	0
SETD1A	0	0	0	0	0	0	1	0	0	0	0
SETD6	1	0	0	0	1	0	0	0	0	0	0
SETD8	1	0	0	0	0	1	0	0	0	0	0
SEZ6L2	1	0	0	1	0	1	0	0	0	0	0
SF3B1	1	0	0	1	1	1	0	0	0	0	0
SF3B2	0	0	0	0	0	0	0	0	0	1	1
SF3B4	0	0	0	0	0	0	0	0	0	1	0
SFMBT1	1	0	0	0	0	0	0	0	0	1	1
SFXN2	0	0	0	0	0	1	0	0	0	0	0
SFXN5	1	1	0	1	1	0	0	0	0	0	0
SGCD	0	0	0	0	1	0	0	0	0	0	0
SGCE	0	0	0	1	0	0	0	0	0	0	0
SGSM2	0	0	0	1	0	1	0	0	0	0	0
SGTA	0	0	0	1	0	0	0	0	0	0	0
SH3PXD2A	0	0	0	0	0	0	0	0	0	0	1
SH3RF1	0	0	0	1	0	0	0	0	0	0	0
SHANK2	0	0	0	0	0	0	0	0	0	1	0
SHANK2<U+00A0>	0	0	0	0	0	0	0	0	1	0	0
SHISA8	1	0	0	0	0	1	0	0	0	0	0
SHMT2	1	0	0	1	0	1	0	0	0	0	0
SIPA1	1	0	0	0	0	0	0	0	0	0	0
SIRPB2	0	1	0	0	0	0	0	0	0	0	0
SLC12A4	1	0	0	0	0	1	0	0	0	0	0
SLC22A11	0	0	0	0	0	0	1	0	0	0	0
SLC25A12	0	0	0	1	0	0	0	0	0	0	0
SLC25A17	0	0	0	0	0	0	0	0	1	0	0
SLC25A39	0	0	0	0	0	0	0	0	0	1	0
SLC28A1	0	0	0	0	0	0	0	0	0	1	0
SLC29A2	0	0	0	0	0	0	0	0	0	1	1
SLC32A1	1	0	0	1	0	1	0	0	0	0	0
SLC35G2	1	0	0	1	0	1	0	0	0	0	0
SLC38A3	0	0	0	1	0	0	0	0	0	0	0
SLC38A7	1	0	0	0	0	1	0	0	0	0	0
SLC39A3	0	0	0	1	0	0	0	0	0	0	0
SLC39A8	1	0	0	1	1	1	0	1	0	0	0
SLC44A3	0	1	0	0	0	0	0	0	0	0	0
SLC45A1	1	1	0	1	0	1	0	0	0	0	0
SLC4A1	0	0	0	0	0	0	0	0	0	1	0
SLC4A10	0	0	0	0	0	1	0	1	0	0	0
SLC7A6	1	0	0	0	0	1	0	0	0	0	0
SLC7A6OS	0	0	0	0	0	1	0	0	0	0	0
SLC9B1	0	0	0	0	1	0	0	0	0	0	0
SLCO6A1	0	1	0	0	0	0	0	0	0	0	0
SLTM	0	0	0	1	0	0	0	0	0	0	0
SMCR5	1	0	0	1	0	0	0	0	0	0	0
SMDT1	1	0	0	0	0	1	0	0	0	0	0
SMG6	1	0	0	1	0	1	0	0	0	0	0
SMIM15	0	0	0	1	0	0	0	0	0	0	0
SMIM15-AS1	0	0	0	1	0	0	0	0	0	0	0
SMIM4	0	0	0	1	0	1	0	0	0	1	0
SMNDC1	0	0	0	0	0	0	0	0	0	1	0
SNAP23	0	0	0	0	0	0	0	0	0	1	0
SNAP91	1	0	0	1	1	1	0	1	0	0	0
SNORA105A	0	0	0	1	0	0	0	0	0	0	0
SNORA105B	0	0	0	1	0	0	0	0	0	0	0
SNORA114	0	0	0	1	0	0	0	0	0	0	0
SNORA46	1	0	0	0	0	0	0	0	0	0	0
SNORA76A	1	0	0	0	0	0	0	0	0	0	0
SNORD128	0	0	0	1	0	0	0	0	0	0	0
SNORD136	0	0	0	1	0	0	0	0	0	0	0
SNORD13C	0	0	0	1	0	0	0	0	0	0	0
SNORD140	0	0	0	1	0	0	0	0	0	0	0
SNORD19	0	0	0	1	0	0	0	0	0	0	1
SNORD19B	0	0	0	1	0	0	0	0	0	0	1
SNORD19C	0	0	0	1	0	0	0	0	0	0	0
SNORD63	1	0	0	1	0	0	0	0	0	0	0
SNORD63B	0	0	0	1	0	0	0	0	0	0	0
SNORD69	0	0	0	1	0	0	0	0	0	0	1
SNORD91A	1	0	0	1	0	0	0	0	0	0	0
SNORD91B	1	0	0	1	0	0	0	0	0	0	0
SNRNP35	0	0	0	1	0	0	0	0	0	0	0
SNX19	1	0	0	1	0	1	0	0	0	0	0
"SNX19,"	0	1	0	0	0	0	0	0	0	0	0
SNX8	0	0	0	0	0	0	0	0	0	0	1
SOAT1	0	0	0	1	0	0	0	0	0	0	0
SOX2-OT	1	0	0	1	0	0	0	0	0	0	0
SOX5	1	0	0	0	0	0	0	0	0	0	0
SP4	0	0	0	1	1	0	1	0	1	0	0
SPA17	0	0	0	1	0	0	0	0	0	0	0
SPATA31D1	1	0	0	0	0	0	0	0	0	0	0
SPATS2L	1	0	0	0	0	0	0	0	0	0	0
SPCS1	0	0	0	1	0	1	0	0	0	1	1
SPECC1	0	0	0	1	0	0	0	0	0	0	0
SPHK2	0	0	0	0	0	0	0	0	0	0	1
SPHKAP	0	1	0	0	0	0	0	0	0	0	0
SPR	0	0	0	1	0	0	0	0	0	0	0
SPRED1	0	0	0	0	0	0	0	0	0	0	1
SPTBN2	0	0	0	0	0	0	0	1	0	1	1
SREBF1	1	0	0	1	0	1	0	0	0	0	0
SREBF2	1	0	0	0	0	1	0	0	0	0	0
SRF	0	0	0	1	0	0	0	0	0	0	0
SRPK2	1	0	0	1	0	1	0	1	0	1	0
SRPK2<U+00A0>	0	0	0	0	0	0	0	0	1	0	0
SRR	1	0	0	1	0	1	0	0	0	0	0
SRRM2	0	0	0	0	0	0	1	0	0	0	0
SSBP2	0	0	0	0	0	0	0	0	0	1	0
SSBP2<U+00A0>	0	0	0	0	0	0	0	0	1	0	0
ST3GAL3	0	0	0	1	0	0	0	0	0	0	0
STAB1	0	0	0	1	0	1	0	0	0	1	1
STAC3	1	0	0	1	0	1	0	0	0	0	0
STAG1	1	0	0	1	0	1	1	0	0	0	0
STAR	1	0	0	0	0	0	0	0	0	0	0
STARD9	0	0	0	0	0	0	0	0	0	1	0
STARD9<U+00A0>	0	0	0	0	0	0	0	0	1	0	0
STAT6	1	0	0	0	0	1	0	0	0	0	0
STIMATE	0	0	0	0	0	1	0	0	0	0	0
STIMATE-MUSTN1	0	0	0	0	0	1	0	0	0	0	0
STK39	0	0	0	0	0	0	0	0	0	0	1
STK4	0	0	0	0	0	0	0	1	0	1	0
STK4<U+00A0>	0	0	0	0	0	0	0	0	1	0	0
STT3A	0	0	1	0	0	0	0	0	0	0	0
SUGP1	1	0	0	0	0	1	0	0	0	1	0
SUGP2	0	1	0	0	0	0	0	0	0	0	0
SV2A	0	0	0	0	0	0	1	0	0	0	0
SYNE1	0	0	0	0	0	0	0	0	0	0	1
SYNE1<U+00A0>	0	0	0	0	0	0	0	0	1	0	0
SYT12	0	0	0	0	0	0	0	0	0	0	1
SYT13	0	0	0	1	0	0	0	0	0	0	0
TAB1	1	0	0	0	0	0	0	0	0	0	0
TAC3	0	0	0	0	0	1	0	0	0	0	0
TAF5	0	0	0	0	0	1	0	0	0	0	0
TAOK2	1	0	0	1	0	1	0	0	0	0	0
TARS2	0	0	0	0	0	0	0	0	0	1	0
TBC1D5	1	0	0	0	0	1	0	0	0	0	0
TBX6	1	0	0	1	0	1	0	0	0	0	0
TCF20	1	0	0	0	0	1	0	1	0	0	0
TCF4	1	1	1	0	0	1	0	1	0	0	0
TDRD9	1	0	0	0	0	0	0	0	0	0	0
TEX264	0	0	0	1	0	0	0	0	0	0	0
THAP11	1	0	0	0	0	1	0	0	0	0	0
THAP8	0	0	0	0	1	0	0	0	0	0	0
THOC7	1	0	0	1	1	1	0	1	0	0	0
THOC7-AS1	1	0	0	1	0	0	0	0	0	0	0
THSD7A	0	0	0	0	0	0	0	0	0	1	0
THSD7A<U+00A0>	0	0	0	0	0	0	0	0	1	0	0
TLE1	0	0	0	0	0	1	0	0	0	0	0
TLE3	1	0	0	0	0	1	0	0	0	0	0
TLR9	0	0	0	0	0	0	0	0	0	1	1
TM6SF2	1	0	0	0	0	1	0	0	0	1	0
TMCO6	0	0	0	1	0	1	0	0	0	0	0
TMEM101	0	0	0	0	0	0	0	0	0	1	0
TMEM110	0	0	0	1	0	0	0	0	0	1	1
TMEM110-MUSTN1	0	0	0	1	0	0	0	0	0	1	0
TMEM115	0	0	0	1	0	0	0	0	0	0	0
TMEM151A	0	0	0	0	0	0	0	0	0	1	1
TMEM158	0	0	0	1	0	0	0	0	0	0	0
TMEM161A	0	0	0	0	0	0	0	0	0	1	0
TMEM161B-AS1	1	0	0	0	0	0	0	0	0	0	0
TMEM178B	0	0	0	0	0	0	0	0	0	1	0
TMEM194A	1	0	0	0	0	1	0	0	0	0	0
TMEM219	1	0	0	1	0	1	0	0	0	0	0
TMEM243	1	0	0	0	0	0	0	0	0	0	0
TMEM258	0	0	0	0	0	0	0	0	0	1	0
TMEM87A	0	0	0	0	0	0	0	0	0	1	0
TMTC1	0	0	0	1	1	1	0	1	0	0	0
TMUB2	0	0	0	0	0	0	0	0	0	1	0
TMX2	1	0	0	1	0	1	0	0	0	0	0
TMX2-CTNND1	1	0	0	1	0	0	0	0	0	0	0
TNFRSF13C	1	0	0	0	0	1	0	0	0	0	0
TNNC1	0	0	0	0	0	0	0	0	0	1	1
TNR	0	0	0	0	0	0	0	0	0	0	1
TOM1L2	1	0	0	1	0	1	0	0	0	0	0
TOMM34	0	0	0	0	0	0	0	0	0	1	0
TP53TG1	1	0	0	0	0	0	0	0	0	0	0
TRA2A	0	0	0	1	0	0	0	0	0	0	0
TRANK1	1	0	0	1	0	1	0	0	0	1	0
TRANK1<U+00A0>	0	0	0	0	0	0	0	0	1	0	0
TRIM26	0	0	1	0	0	0	0	0	0	0	0
TRIM8	0	0	0	0	0	1	0	0	0	0	0
TRIM9	0	0	0	0	0	0	0	0	0	0	1
TRIO	0	0	0	0	0	0	1	0	0	0	0
TRMT61A	0	0	0	0	0	1	0	0	0	0	0
TRPC4	0	0	0	0	1	0	0	0	0	0	0
TSGA10	0	0	0	0	0	0	0	0	0	0	1
TSNARE1	1	1	0	1	1	1	0	1	0	0	0
TSNAXIP1	1	0	0	0	0	1	0	0	0	0	0
TSR1	1	0	0	1	0	1	0	0	0	0	0
TSSK6	1	0	0	0	0	1	0	0	0	1	0
TTBK1	0	0	0	1	0	0	0	0	0	0	0
TTBK2	0	0	0	0	0	0	0	0	0	1	0
TTC8	0	1	0	0	0	0	0	0	0	0	0
TTI2	0	0	0	1	0	0	0	0	0	0	0
TUBA1A	0	0	0	0	0	0	0	0	0	0	1
TUBA1B	0	0	0	0	0	0	0	0	0	0	1
TUBBP5	0	0	0	0	0	0	0	0	1	0	0
TUSC2	0	0	0	1	0	0	0	0	0	0	0
TWF2	0	0	0	0	0	0	0	0	0	1	1
TXNDC9	0	0	0	0	0	0	0	0	0	0	1
TXNRD1	0	0	0	0	1	0	0	0	0	0	0
TXNRD2	0	0	1	0	0	0	0	0	0	0	0
TYW5	1	0	0	1	0	1	0	0	0	0	0
U80770	1	0	0	0	0	0	0	0	0	0	0
UBE2Q2L	1	0	0	1	0	0	0	0	0	0	0
UBE2Q2P1	1	0	0	1	0	0	0	1	0	0	0
UBE2Q2P2	1	0	0	0	0	0	0	0	0	0	0
UBE3D	1	0	0	0	0	0	0	0	0	0	0
UBR1	0	0	0	0	0	0	0	0	0	1	0
UBTF	0	0	0	0	0	0	0	0	0	1	0
UNC45A	0	0	0	1	0	0	0	0	0	0	0
USMG5	0	0	0	0	0	1	0	0	0	0	0
USP33	0	0	0	0	0	0	0	0	0	0	1
USP9X	0	1	0	0	0	0	0	0	0	0	0
VPK2	0	1	0	0	0	0	0	0	0	0	0
VPS13C	1	0	0	0	0	0	0	0	0	0	0
VPS14C	0	0	0	0	0	1	0	0	0	0	0
VPS39	0	0	0	0	0	0	0	0	0	1	0
VPS45	1	0	0	1	0	1	0	0	0	1	0
VRK2	1	0	0	1	0	1	0	0	0	0	0
VSIG2	1	0	0	1	0	1	0	0	0	0	0
VTRNA1-1	0	0	0	1	0	0	0	0	0	0	0
VTRNA1-2	0	0	0	1	0	0	0	0	0	0	0
VTRNA1-3	0	0	0	1	0	0	0	0	0	0	0
WBP1L	1	0	0	1	0	1	0	0	0	0	0
WBP2NL	1	0	0	0	0	1	0	0	0	0	0
WBSCR17	0	0	0	0	1	0	0	0	0	0	0
WDR55	0	0	0	1	0	1	0	0	0	0	0
WDR66	0	0	0	1	0	0	0	0	0	0	0
WDR73	1	0	0	1	0	0	0	0	0	1	0
WDR76	0	0	0	0	1	0	0	0	0	0	0
WDR82	0	0	0	0	0	0	0	0	0	1	1
WFDC12	0	0	0	0	0	0	0	0	0	1	0
WFDC12<U+00A0>	0	0	0	0	0	0	0	0	1	0	0
WFDC5	0	0	0	0	0	0	0	0	0	1	0
WHSC1L1	1	0	0	0	0	0	0	0	0	0	0
WSCD2	0	0	0	1	1	0	0	0	0	0	0
XPNPEP1	0	0	0	0	0	0	0	0	0	1	0
XPO7	0	0	0	0	0	0	1	0	0	0	0
XRCC3	1	0	0	0	0	1	0	0	0	0	0
YIF1A	0	0	0	0	0	0	0	0	0	1	1
YJEFN3	1	0	0	0	0	0	0	0	0	1	0
YPEL3	1	0	0	1	0	1	0	0	0	0	0
YPEL4	1	0	0	1	0	1	0	0	0	0	0
YTHDF2	0	0	0	1	0	0	0	0	0	0	0
YWHAB	0	0	0	0	0	0	0	0	0	1	0
YWHAE	0	0	0	1	0	0	0	0	0	0	0
Z98049.1	0	0	0	0	0	0	0	0	0	1	0
ZBTB34	0	0	0	1	0	0	0	0	0	0	0
ZBTB37	1	0	0	0	0	0	0	0	0	0	0
ZBTB43	0	0	0	1	0	0	0	0	0	0	0
ZBTB44	0	1	0	0	0	0	0	0	0	0	0
ZC3H7B	1	0	0	0	0	0	0	0	0	0	0
ZCCHC2	0	0	0	0	0	0	0	0	0	1	0
ZCCHC7	0	0	0	0	1	0	0	0	1	0	0
ZDHHC2	0	0	0	1	0	0	0	0	0	0	0
ZDHHC24	0	0	0	0	0	0	0	0	0	1	1
ZDHHC5	1	0	0	1	0	1	0	0	0	0	0
ZEB2	1	1	0	0	0	0	0	0	0	0	0
ZFYVE21	1	0	0	0	0	1	0	0	0	0	0
ZMAT2	0	0	0	1	0	1	0	0	0	0	0
ZMIZ1	0	0	0	0	0	0	0	0	0	0	1
ZMYM2	0	0	0	0	0	0	1	0	0	0	0
ZMYND10	0	0	0	1	0	0	0	0	0	0	0
ZNF101	0	0	0	0	0	0	0	0	0	1	0
ZNF106	0	0	0	0	0	0	0	0	0	1	0
ZNF136	0	0	0	0	0	0	1	0	0	0	0
ZNF14	0	0	0	0	0	0	0	0	0	1	0
ZNF365	0	0	0	1	0	0	0	0	0	0	0
ZNF408	1	0	0	1	0	1	0	0	0	0	0
ZNF441	0	0	0	1	0	0	0	0	0	0	0
ZNF506	0	0	0	0	0	0	0	0	0	1	0
ZNF536	1	0	0	0	0	1	0	0	0	0	0
ZNF592	1	0	0	1	0	0	0	0	0	1	0
ZNF592<U+00A0>	0	0	0	0	0	0	0	0	1	0	0
ZNF804A	1	1	0	1	1	1	0	1	0	0	0
ZNF823	1	0	0	1	1	0	0	0	0	0	0
ZNF835	0	0	0	0	1	0	0	0	0	0	0
ZNF860	0	1	0	1	0	0	0	0	0	0	0
ZSCAN2	1	0	0	1	0	1	0	0	0	1	0
ZSWIM6	1	0	0	1	0	1	0	1	0	0	0
ZZZ3	0	0	0	0	0	0	0	0	0	0	1
PIK3CD											
