topSNP	gid	probeID	ProbeChr	Probe_bp	topSNP_chr	topSNP_bp	A1	A2	Freq	b_GWAS	se_GWAS	p_GWAS	b_eQTL	se_eQTL	p_eQTL	b_SMR	se_SMR	p_SMR	p_HEIDI	nsnp_HEIDI	...22	mark	group	CHR	SNP	BP	OR	SE	P	rownames	up_smr	low_smr	up_qtl	low_qtl	up_gwas	low_gwas	idnew
1:173646773	ANKRD45	ENSG00000183831	1	173578701	1	173646773	G	A	0.899621	0.0653007	0.011	2.88E-09	-0.207193	0.0268998	1.34E-14	-0.315169	0.0670292	2.58E-06	0.2458308	14	-68072	x	eqtl	1	rs61826793	173646773	1.06748	0.011	2.88E-09	rs61826793_ANKRD45	-0.183791768	-0.446546232	-0.154469392	-0.259916608	0.0868607	0.0437407	5
1:173666162	DARS2	Q6PI48	1	173794368	1	173666162	T	C	0.793561	0.0473987	0.0093	3.04E-07	-0.116942	0.0145327	8.50E-16	-0.405318	0.0941361	1.66E-05	0.1594726	20	128206	x	pqtl	1	rs12059716	173666162	1.04854	0.0093	3.04E-07	rs12059716_DARS2	-0.220811244	-0.589824756	-0.088457908	-0.145426092	0.0656267	0.0291707	22
12:121684176	P2RX7	Q99572	12	121570774	12	121684176	C	G	0.810606	-0.0515957	0.0093	3.04E-08	-0.482538	0.0531828	1.16E-19	0.106926	0.0225906	2.21E-06	0.1725629	20	-113402	x	pqtl	12	rs2668247	121684176	1.05295	0.0093	3.04E-08	rs2668247_P2RX7	0.151203576	0.062648424	-0.378299712	-0.586776288	-0.0333677	-0.0698237	23
12:123671665	RP11-282O18.6	ENSG00000270113	12	123773657	12	123671665	G	C	0.960227	-0.104505	0.0142	1.75E-13	-0.241952	0.0402593	1.86E-09	0.431926	0.0927884	3.24E-06	0.4730437	7	101992	x	eqtl	12	rs76152284	123671665	0.90077	0.0142	1.75E-13	rs76152284_RP11-282O18.6	0.613791264	0.250060736	-0.163043772	-0.320860228	-0.076673	-0.132337	15
12:123717362	C12orf65	ENSG00000130921	12	123717464	12	123717362	G	A	0.717803	-0.0701043	0.0083	3.70E-17	0.0626294	0.00899277	3.30E-12	-1.11935	0.208315	7.73E-08	0.7357775	6	102	x	eqtl	12	rs1619283	123717362	1.07262	0.0083	3.70E-17	rs1619283_C12orf65	-0.7110526	-1.5276474	0.080255229	0.045003571	-0.0538363	-0.0863723	1
15:78803057	CHRNA5	ENSG00000169684	15	78857863	15	78803057	C	T	0.791667	0.0622045	0.009	4.24E-12	-0.497303	0.0769417	1.02E-10	-0.125084	0.0264963	2.35E-06	0.1029738	5	54806	x	eqtl	15	rs7164594	78803057	1.06418	0.009	4.24E-12	rs7164594_CHRNA5	-0.073151252	-0.177016748	-0.346497268	-0.648108732	0.0798445	0.0445645	7
17:44862347	LRRC37A2	ENSG00000238083	17	44588878	17	44862347	G	A	0.763258	0.0493043	0.0093	1.29E-07	0.758749	0.065278	3.14E-31	0.0649811	0.0134718	1.41E-06	0.2288828	15	-273469	x	eqtl	17	rs199502	44862347	1.05054	0.0093	1.29E-07	rs199502_LRRC37A2	0.091385828	0.038576372	0.88669388	0.63080412	0.0675323	0.0310763	10
19:11849736	ZNF823	ENSG00000197933	19	11832081	19	11849736	C	T	0.945076	-0.111703	0.0177	3.07E-10	0.217697	0.029172	8.49E-14	-0.513111	0.106481	1.44E-06	NA	NA	-17655	x	eqtl	19	rs72986630	11849736	0.89431	0.0177	3.07E-10	rs72986630_ZNF823	-0.30440824	-0.72181376	0.27487412	0.16051988	-0.077011	-0.146395	4
2:200715388	FTCDNL1	ENSG00000226124	2	200625268	2	200715388	G	T	0.823864	-0.0763961	0.0097	3.27E-15	-0.177638	0.0234398	3.50E-14	0.430066	0.0787536	4.74E-08	0.4159574	20	-90120	x	eqtl	2	rs2949006	200715388	1.07939	0.0097	3.27E-15	rs2949006_FTCDNL1	0.584423056	0.275708944	-0.131695992	-0.223580008	-0.0573841	-0.0954081	14
2:48573895	FOXN2	ENSG00000170802	2	48541777	2	48573895	G	C	0.890152	0.0728972	0.0139	1.68E-07	0.125421	0.0122286	1.11E-24	0.58122	0.124475	3.02E-06	0.0617	20	-32118	x	eqtl	2	rs79073127	48573895	1.07562	0.0139	1.68E-07	rs79073127_FOXN2	0.825191	0.337249	0.149389056	0.101452944	0.1001412	0.0456532	17
2:98275354	ACTR1B	P42025	2	98273324	2	98275354	G	A	0.918561	0.0865996	0.0156	2.99E-08	-0.100349	0.0159085	2.83E-10	-0.862984	0.207085	3.08E-05	0.5692535	6	-2030	x	pqtl	2	rs11692435	98275354	1.09046	0.0156	2.99E-08	rs11692435_ACTR1B	-0.4570974	-1.2688706	-0.06916834	-0.13152966	0.1171756	0.0560236	20
22:51145702	ARSA	P15289	22	51063576	22	51145702	C	G	0.954545	0.133201	0.0264	4.46E-07	-0.262053	0.0424787	6.87E-10	-0.508299	0.130147	9.40E-05	0.1381265	6	-82126	x	pqtl	22	rs113706174	51145702	1.14248	0.0264	4.46E-07	rs113706174_ARSA	-0.25321088	-0.76338712	-0.178794748	-0.345311252	0.184945	0.081457	21
3:52861211	TMEM110	ENSG00000213533	3	52870236	3	52861211	A	T	0.763258	0.0650009	0.0089	3.02E-13	0.130704	0.0138273	3.31E-21	0.497314	0.0860499	7.50E-09	0.3747209	17	9025	x	eqtl	3	rs13072536	52861211	1.06716	0.0089	3.02E-13	rs13072536_TMEM110	0.665971804	0.328656196	0.157805508	0.103602492	0.0824449	0.0475569	16
3:53082937	SFMBT1	ENSG00000163935	3	52937589	3	53082937	C	T	0.761364	0.0575045	0.009	1.69E-10	0.0695287	0.00956091	3.54E-13	0.827061	0.172307	1.59E-06	0.2007181	6	-145348	x	eqtl	3	rs7644973	53082937	1.05919	0.009	1.69E-10	rs7644973_SFMBT1	1.16478272	0.48933928	0.088268084	0.050789316	0.0751445	0.0398645	18
6:29248149	HCG17	ENSG00000270604	6	30201817	6	29248149	T	C	0.920455	0.199203	0.0163	2.27E-34	-0.912962	0.0838397	1.30E-27	-0.218194	0.0268377	1.00E-10	0.2555286	20	953668	x	eqtl	6	rs3130834	29248149	1.22043	0.0163	2.27E-34	rs3130834_HCG17	-0.165592108	-0.270795892	-0.748636188	-1.077287812	0.231151	0.167255	6
6:31820400	SNORA38	ENSG00000200816	6	31590857	6	31820400	C	T	0.795455	-0.0618967	0.0101	1.02E-09	-1.3824	0.170939	6.11E-16	0.0447748	0.00916696	1.04E-06	0.1193493	9	-229543	x	eqtl	6	rs2607013	31820400	0.93998	0.0101	1.02E-09	rs2607013_SNORA38	0.062742042	0.026807558	-1.04735956	-1.71744044	-0.0421007	-0.0816927	9
6:32176782	NOTCH4	ENSG00000204301	6	32162621	6	32176782	G	T	0.797348	0.094901	0.01	3.16E-21	-0.140984	0.025384	2.79E-08	-0.673133	0.140427	1.64E-06	0.6941171	20	-14161	x	eqtl	6	rs3132947	32176782	1.09955	0.01	3.16E-21	rs3132947_NOTCH4	-0.39789608	-0.94836992	-0.09123136	-0.19073664	0.114501	0.075301	3
6:32963948	BRD2	ENSG00000204256	6	32936438	6	32963948	G	T	0.933712	0.166404	0.0177	4.39E-21	0.134276	0.0177211	3.53E-14	1.23927	0.210061	3.64E-09	0.1441562	17	-27510	x	eqtl	6	rs73409691	32963948	1.18105	0.0177	4.39E-21	rs73409691_BRD2	1.65098956	0.82755044	0.169009356	0.099542644	0.201096	0.131712	19
6:43152573	CUL9	ENSG00000112659	6	43149914	6	43152573	A	G	0.848485	0.061603	0.0101	1.17E-09	-0.0784197	0.00776658	5.69E-24	-0.785555	0.150469	1.78E-07	0.1056634	20	-2659	x	eqtl	6	rs9472022	43152573	1.06354	0.0101	1.17E-09	rs9472022_CUL9	-0.49063576	-1.08047424	-0.063197203	-0.093642197	0.081399	0.041807	2
9:96243745	RP11-165J3.6	ENSG00000227603	9	96197615	9	96243745	A	G	0.875	-0.0573961	0.0109	1.41E-07	0.512869	0.0494323	3.22E-25	-0.111912	0.0238335	2.66E-06	0.4764557	20	-46130	x	eqtl	9	rs7025805	96243745	0.94422	0.0109	1.41E-07	rs7025805_RP11-165J3.6	-0.06519834	-0.15862566	0.609756308	0.415981692	-0.0360321	-0.0787601	8
